'IH0001'	IH当月连续	日线
日期	开盘	最高	最低	收盘	成交量	成交额	成交笔数	MA1	MA2	MA3	MA4	MA5	MA6
2015/04/16	3100.0000	3288.2000	3088.8000	3283.8000	144423.00	137728655360	28848						
2015/04/17	3303.6001	3341.6001	3238.0000	3254.0000	271224.00	267552063488	37853						
2015/04/20	3258.0000	3315.0000	3143.6001	3146.8000	267213.00	260529438720	37975						
2015/04/21	3176.8000	3242.2000	3153.0000	3234.0000	239311.00	229320097792	37771						
2015/04/22	3250.0000	3333.2000	3229.8000	3308.0000	239676.00	235475714048	42623	3245.32					
2015/04/23	3318.6001	3348.2000	3253.3999	3267.8000	246929.00	244348157952	39573	3242.12					
2015/04/24	3248.8000	3267.8000	3170.0000	3233.0000	224297.00	217010192384	36034	3237.92					
2015/04/27	3260.0000	3358.0000	3257.8000	3357.6001	259172.00	256955105280	45698	3280.08					
2015/04/28	3339.0000	3376.0000	3265.0000	3286.8000	329692.00	327774732288	36374	3290.64					
2015/04/29	3282.0000	3325.6001	3261.0000	3295.2000	242567.00	239786655744	39968	3288.08	3266.7				
2015/04/30	3315.2000	3331.2000	3247.2000	3269.3999	202408.00	200023310336	41181	3288.4	3265.26				
2015/05/04	3295.8000	3301.8000	3225.8000	3273.2000	189061.00	185146015744	40335	3296.44	3267.18				
2015/05/05	3279.6001	3281.6001	3141.2000	3163.0000	217674.00	210023333888	38274	3257.52	3268.8				
2015/05/06	3171.2000	3257.3999	3116.0000	3153.0000	261933.00	251113046016	36206	3230.76	3260.7				
2015/05/07	3159.6001	3170.0000	3103.0000	3111.2000	234619.00	220961865728	40498	3193.96	3241.02				
2015/05/08	3131.0000	3149.0000	3051.2000	3099.8000	215483.00	200658501632	37887	3160.04	3224.22				
2015/05/11	3112.0000	3170.3999	3078.0000	3160.0000	201465.00	188934832128	30050	3137.4	3216.92				
2015/05/12	3151.0000	3194.6001	3138.0000	3175.0000	189729.00	180330070016	23176	3139.8	3198.66				
2015/05/13	3200.0000	3204.8000	3112.3999	3125.3999	165986.00	157229481984	17535	3134.28	3182.52				
2015/05/14	3131.2000	3158.3999	3108.0000	3129.3999	106178.00	99736576000	10750	3137.92	3165.94	3216.32			
2015/05/15	3140.0000	3140.0000	3054.8000	3073.2000	42093.00	39060353024	0	3132.6	3146.32	3205.79			
2015/05/18	3033.6001	3049.0000	2962.0000	2969.3999	177652.00	160675921920	30409	3094.48	3115.94	3191.56			
2015/05/19	2973.3999	3145.6001	2971.2000	3143.0000	295536.00	273278812160	32724	3088.08	3113.94	3191.37			
2015/05/20	3163.0000	3217.0000	3102.2000	3145.2000	288447.00	273041506304	41966	3092.04	3113.16	3186.93			
2015/05/21	3157.0000	3200.2000	3139.8000	3191.3999	259112.00	246253469696	44675	3104.44	3121.18	3181.1			
2015/05/22	3200.0000	3310.0000	3194.0000	3303.0000	323497.00	316097232896	49710	3150.4	3141.5	3182.86			
2015/05/25	3298.6001	3435.3999	3280.0000	3413.6001	294392.00	297241051136	58985	3239.24	3166.86	3191.89			
2015/05/26	3426.0000	3458.0000	3377.8000	3417.8000	346109.00	355529490432	60316	3294.2	3191.14	3194.9			
2015/05/27	3453.8000	3507.0000	3351.8000	3396.8000	342601.00	351430967296	58323	3344.52	3218.28	3200.4			
2015/05/28	3411.6001	3419.0000	3121.2000	3164.6001	385437.00	381146693632	47345	3339.16	3221.8	3193.87	3218.147		
2015/05/29	3179.3999	3194.8000	3060.6001	3118.6001	371616.00	350518575104	37538	3302.28	3226.34	3186.33	3212.64		
2015/06/01	3100.0000	3340.3999	3086.6001	3336.0000	344357.00	333048905728	41622	3286.76	3263	3189.47	3215.373		
2015/06/02	3340.0000	3349.2000	3220.3999	3295.6001	356277.00	351055675392	38496	3262.32	3278.26	3196.1	3220.333		
2015/06/03	3296.6001	3336.0000	3210.2000	3244.8000	411425.00	403790299136	34342	3231.92	3288.22	3200.69	3220.693		
2015/06/04	3258.8000	3395.8000	3021.2000	3373.2000	535862.00	524572033024	43924	3273.64	3306.4	3213.79	3222.867		
2015/06/05	3369.0000	3426.2000	3203.0000	3304.8000	473292.00	472055119872	46520	3310.88	3306.58	3224.04	3224.1		
2015/06/08	3315.0000	3543.0000	3285.0000	3535.0000	474019.00	488105050112	73160	3350.68	3318.72	3242.79	3234.167		
2015/06/09	3539.2000	3565.0000	3385.0000	3415.8000	558664.00	579340992512	69199	3374.72	3318.52	3254.83	3236.107		
2015/06/10	3399.0000	3445.8000	3351.2000	3365.0000	422773.00	430594785280	64664	3398.76	3315.34	3266.81	3238.713		
2015/06/11	3381.8000	3415.0000	3326.6001	3361.0000	394680.00	398282489856	64572	3396.32	3334.98	3278.39	3240.907		
2015/06/12	3373.2000	3408.0000	3330.0000	3405.2000	360426.00	364192333824	67900	3416.4	3363.64	3294.99	3245.433		
2015/06/15	3395.6001	3417.3999	3246.6001	3263.8000	398272.00	397367115776	61775	3362.16	3356.42	3309.71	3245.12		
2015/06/16	3264.8000	3293.0000	3153.2000	3193.3999	388570.00	376961171456	54689	3317.68	3346.2	3312.23	3246.133		
2015/06/17	3231.0000	3233.6001	3155.2000	3205.3999	362681.00	347296038912	41817	3285.76	3342.26	3315.24	3247.88		
2015/06/18	3200.0000	3205.0000	3065.8000	3085.3999	243040.00	229080416256	19516	3230.64	3313.48	3309.94	3247.02		
2015/06/19	3098.2000	3098.2000	2926.6001	2993.0000	83799.00	76549611520	0	3148.2	3282.3	3294.44	3243.46		
2015/06/23	2888.6001	3038.8000	2818.0000	2982.6001	535265.00	475048542208	74829	3091.96	3227.06	3272.89	3237.547		
2015/06/24	2998.8000	3058.0000	2965.0000	3044.2000	414165.00	374133358592	67504	3062.12	3189.9	3254.21	3233.187		
2015/06/25	3080.0000	3097.3999	2906.6001	2919.2000	473847.00	430506934272	65506	3004.88	3145.32	3230.33	3226.313		
2015/06/26	2906.0000	2968.8000	2666.2000	2690.0000	661394.00	563815579648	70148	2925.8	3078.22	3206.6	3211.667		
2015/06/29	2790.0000	2836.2000	2473.0000	2654.8000	861208.00	698682048512	64914	2858.16	3003.18	3183.41	3197.72		
2015/06/30	2715.2000	2886.2000	2631.2000	2847.8000	649227.00	537883705344	63114	2831.2	2961.58	3159	3193.667		
2015/07/01	2847.0000	2878.2000	2629.6001	2696.2000	553003.00	467179044864	56575	2761.6	2911.86	3129.03	3178.773		
2015/07/02	2744.8000	2814.3999	2605.0000	2740.3999	632565.00	518468829184	55597	2725.84	2865.36	3103.81	3165.28		
2015/07/03	2725.0000	2760.0000	2518.3999	2596.0000	582227.00	462505902080	49954	2707.04	2816.42	3064.95	3145.433		
2015/07/06	2850.0000	2870.0000	2633.0000	2756.8000	469021.00	384886013952	46882	2727.44	2792.8	3037.55	3127.227		
2015/07/07	2737.0000	2826.0000	2677.0000	2747.0000	403815.00	332508299264	38656	2707.28	2769.24	2998.15	3105.007		
2015/07/08	2650.0000	3055.8000	2500.2000	2500.2000	168297.00	134035128320	31316	2668.08	2714.84	2952.37	3074.42		
2015/07/09	2405.2000	2751.3999	2355.2000	2751.3999	273706.00	213805187072	23490	2670.28	2698.06	2921.69	3052.907		
2015/07/10	2739.8000	3020.0000	2700.0000	2853.0000	586568.00	509084532736	21468	2721.68	2714.36	2896.29	3042.52	3130.333	
2015/07/13	2839.0000	2892.0000	2791.0000	2799.0000	381964.00	324786487296	17872	2730.12	2728.78	2865.98	3031.867	3122.253	
2015/07/14	2814.0000	2814.3999	2646.0000	2712.6001	339183.00	277985492992	14713	2723.24	2715.26	2838.42	3011.087	3113.23	
2015/07/15	2711.8000	2734.0000	2623.0000	2708.0000	344500.00	277450588160	12407	2764.8	2716.44	2814.15	2991.5	3105.917	
2015/07/16	2694.2000	2784.3999	2667.2000	2760.6001	223454.00	183047127040	4320	2766.64	2718.46	2791.91	2975.36	3098.027	
2015/07/17	2760.0000	2799.0000	2728.2000	2792.2000	36370.00	30151098368	0	2754.48	2738.08	2777.25	2955.993	3089.43	
2015/07/20	2747.2000	2763.0000	2641.2000	2690.3999	300532.00	243355877376	15128	2732.76	2731.44	2762.12	2935.513	3079.807	
2015/07/21	2684.0000	2711.0000	2624.6001	2666.0000	313348.00	250766360576	14811	2723.44	2723.34	2746.29	2906.547	3070.357	
2015/07/22	2660.0000	2662.0000	2591.2000	2632.6001	232780.00	183770529792	16163	2708.36	2736.58	2725.71	2880.44	3058.273	
2015/07/23	2627.0000	2762.0000	2622.6001	2745.8000	282957.00	230004654080	14793	2705.4	2736.02	2717.04	2859.8	3049.257	
2015/07/24	2743.6001	2754.3999	2642.0000	2666.2000	263171.00	213170110464	15848	2680.2	2717.34	2715.85	2836.64	3038.773	
2015/07/27	2660.6001	2661.0000	2403.2000	2435.0000	256129.00	196543594496	19625	2629.12	2680.94	2704.86	2804.3	3024.867	
2015/07/28	2411.0000	2487.3999	2380.2000	2422.3999	346447.00	252711354368	16916	2580.4	2651.92	2683.59	2776.253	3010.687	
2015/07/29	2450.8000	2487.0000	2402.0000	2478.3999	272411.00	199412514816	15566	2549.56	2628.96	2672.7	2752.42	2999.277	
2015/07/30	2478.6001	2487.2000	2360.0000	2410.3999	282109.00	206826651648	17956	2482.48	2593.94	2656.2	2725.92	2986.9	
2015/07/31	2412.6001	2470.0000	2363.2000	2412.2000	262487.00	188976627712	17775	2431.68	2555.94	2647.01	2703.48	2975.25	
2015/08/03	2398.0000	2409.3999	2347.0000	2405.2000	178356.00	126960558080	17708	2425.72	2527.42	2629.43	2683.887	2963.673	
2015/08/04	2390.3999	2507.6001	2390.3999	2483.6001	197170.00	145312563200	15190	2437.96	2509.18	2616.26	2667.253	2952.4	
2015/08/05	2486.0000	2487.6001	2423.0000	2448.8000	177623.00	130967371776	15713	2432.04	2490.8	2613.69	2647.407	2940.297	
2015/08/06	2430.0000	2484.8000	2404.8000	2439.6001	216145.00	158516051968	15009	2437.88	2460.18	2598.1	2631.42	2928.867	
2015/08/07	2431.0000	2519.8000	2431.0000	2464.8000	239727.00	178736005120	15008	2448.4	2440.04	2578.69	2623.913	2917.79	
2015/08/10	2472.2000	2608.0000	2472.2000	2575.3999	213187.00	162629058560	15355	2482.44	2454.08	2567.51	2621.267	2909.493	
2015/08/11	2585.2000	2594.6001	2548.8000	2562.3999	207352.00	160132497408	14944	2498.2	2468.08	2560	2611.753	2902.71	
2015/08/12	2554.0000	2589.0000	2530.0000	2548.0000	228056.00	175194701824	14096	2518.04	2475.04	2552	2606.813	2892.793	
2015/08/13	2555.2000	2582.0000	2510.6001	2553.2000	208055.00	158626824192	13539	2540.76	2489.32	2541.63	2600.573	2882.927	
2015/08/14	2558.2000	2574.2000	2530.2000	2549.2000	195238.00	149627355136	13118	2557.64	2503.02	2529.48	2599.013	2872.223	
2015/08/17	2546.6001	2546.6001	2467.2000	2502.6001	198816.00	148877656064	14714	2543.08	2512.76	2520.09	2590.54	2858.883	
2015/08/18	2510.0000	2531.8000	2293.0000	2402.6001	262702.00	193596440576	13937	2511.12	2504.66	2506.92	2579.06	2842.033	
2015/08/19	2382.0000	2440.0000	2318.0000	2391.0000	217036.00	154472185856	9362	2479.72	2498.88	2494.84	2575.42	2824.92	
2015/08/20	2391.0000	2394.0000	2348.0000	2357.0000	101131.00	71930093568	4929	2440.48	2490.62	2475.4	2562.273	2807.59	
2015/08/21	2343.0000	2358.6001	2275.6001	2300.8000	33591.00	23420233728	0	2390.8	2474.22	2457.13	2543.867	2793.193	
2015/08/24	2194.6001	2194.6001	2005.2000	2005.2000	229796.00	141797965824	22564	2291.32	2417.2	2435.64	2517.407	2774.637	
2015/08/25	1960.4000	2002.2000	1809.8000	1809.8000	403171.00	232795242496	28539	2172.76	2341.94	2405.01	2487.313	2749.2	
2015/08/26	1853.8000	1956.4000	1781.0000	1829.6000	371256.00	208704536576	25506	2060.48	2270.1	2372.57	2458.033	2724.767	
2015/08/27	1870.0000	2043.0000	1870.0000	2034.2000	363261.00	210837569536	27404	1995.92	2218.2	2353.76	2433.82	2704.59	
2015/08/28	2067.8000	2104.0000	2009.8000	2073.0000	273270.00	167975780352	25107	1950.36	2170.58	2336.8	2409.847	2682.92	
2015/08/31	2060.2000	2072.6001	1983.4000	2052.8000	165697.00	101294039040	23446	1959.88	2125.6	2319.18	2388.593	2662.053	
2015/09/01	2049.8000	2095.0000	1969.0000	2036.0000	192928.00	118480166912	22705	2005.12	2088.94	2296.8	2367.593	2637.07	
2015/09/02	2011.0000	2144.0000	2000.0000	2007.8000	206868.00	128467329024	23523	2040.76	2050.62	2274.75	2346.767	2613.603	
2015/09/07	2060.0000	2208.0000	2047.8000	2052.3999	16627.00	10599043072	19824	2044.4	2020.16	2255.39	2323.653	2591.727	
2015/09/08	2075.0000	2182.0000	2051.2000	2170.3999	11823.00	7471760896	17757	2063.88	2007.12	2240.67	2307.127	2571.883	
2015/09/09	2194.0000	2205.3999	2160.3999	2177.8000	9056.00	5923113984	16127	2088.88	2024.38	2220.79	2298.553	2551.427	
2015/09/10	2159.6001	2198.6001	2145.8000	2181.6001	6902.00	4500729856	14976	2118	2061.56	2201.75	2290.527	2533.39	
2015/09/11	2184.0000	2213.3999	2168.2000	2176.2000	6424.00	4220584192	13421	2151.68	2096.22	2183.16	2280.453	2516.437	
2015/09/14	2208.2000	2211.0000	2100.0000	2134.0000	8613.00	5539415552	11764	2168	2106.2	2162.2	2271.24	2498.58	
2015/09/15	2136.0000	2175.0000	2130.8000	2160.0000	6459.00	4169364736	10305	2165.92	2114.9	2142.74	2262.833	2483.157	
2015/09/16	2168.0000	2269.8000	2133.2000	2243.6001	7009.00	4575662592	7304	2179.08	2133.98	2129.79	2257.447	2470.667	
2015/09/17	2233.3999	2255.3999	2192.2000	2195.2000	4292.00	2866571008	4746	2181.8	2149.9	2119.42	2247.833	2457.543	
2015/09/18	2199.8000	2224.3999	2190.2000	2207.6001	2708.00	1797645056	0	2188.08	2169.88	2110.25	2239.793	2443.6	
2015/09/21	2111.3999	2187.6001	2111.3999	2185.6001	5446.00	3525240576	9319	2198.4	2183.2	2101.68	2231.327	2431.373	
2015/09/22	2186.2000	2220.0000	2171.0000	2194.2000	5302.00	3493395200	9731	2205.24	2185.58	2096.35	2222.307	2423.11	
2015/09/23	2175.0000	2184.8000	2130.0000	2139.2000	5830.00	3770436096	10544	2184.36	2181.72	2103.05	2207.767	2414.517	
2015/09/24	2134.0000	2169.0000	2134.0000	2153.0000	4442.00	2870956800	10997	2175.92	2178.86	2120.21	2194.12	2402.937	
2015/09/25	2151.3999	2160.6001	2111.2000	2131.0000	5135.00	3290568192	11299	2160.6	2174.34	2135.28	2180.22	2393.517	
2015/09/28	2122.6001	2145.8000	2105.0000	2136.2000	4338.00	2767267072	11188	2150.72	2174.56	2140.38	2166.32	2383.447	
2015/09/29	2111.0000	2114.2000	2066.3999	2094.2000	4843.00	3038622464	11577	2130.72	2167.98	2141.44	2151.153	2375.083	
2015/09/30	2101.3999	2141.0000	2101.3999	2112.6001	4590.00	2918550528	11612	2125.4	2154.88	2144.43	2138.153	2364.347	
2015/10/08	2217.0000	2250.0000	2170.2000	2171.0000	5351.00	3537073152	11717	2129	2152.46	2151.18	2130.433	2354.747	
2015/10/09	2189.3999	2215.6001	2184.6001	2207.3999	5160.00	3407532288	11215	2144.28	2152.44	2161.16	2124.313	2349.867	
2015/10/12	2211.2000	2310.8000	2211.2000	2276.2000	6021.00	4090356736	10752	2172.28	2161.5	2172.35	2121.62	2341.947	
2015/10/13	2278.3999	2282.8000	2258.3999	2262.0000	4607.00	3135570688	9325	2205.84	2168.28	2176.93	2120.327	2332.097	2731.215
2015/10/14	2247.3999	2278.0000	2236.2000	2240.0000	5071.00	3439830784	7793	2231.32	2178.36	2180.04	2128.153	2322.78	2722.517
2015/10/15	2340.0000	2340.0000	2247.2000	2297.0000	4752.00	3237171456	5228	2256.52	2192.76	2185.81	2144.393	2315.853	2714.542
2015/10/16	2297.6001	2325.0000	2297.6001	2316.6001	3707.00	2569558784	0	2278.36	2211.32	2192.83	2160.627	2309.33	2707.623
2015/10/19	2297.3999	2305.0000	2255.0000	2263.2000	4703.00	3221434880	6194	2275.76	2224.02	2199.29	2168.26	2301.04	2699.533
2015/10/20	2267.3999	2299.0000	2252.0000	2298.0000	4810.00	3273581824	6613	2282.96	2244.4	2206.19	2175.76	2292.803	2691.117
2015/10/21	2291.0000	2313.3999	2202.8000	2251.0000	6584.00	4498434560	7336	2285.16	2258.24	2206.56	2182.367	2285.48	2682.643
2015/10/22	2251.6001	2305.0000	2251.6001	2291.0000	5604.00	3828532480	7505	2283.96	2270.24	2211.35	2190.867	2279.23	2674.793
2015/10/23	2308.8000	2321.0000	2280.2000	2320.0000	4829.00	3330177024	7995	2284.64	2281.5	2216.97	2201.273	2274.02	2666.147
2015/10/26	2331.8000	2348.8000	2301.6001	2316.3999	4726.00	3302322176	8293	2295.28	2285.52	2223.51	2210.073	2266.863	2658.06
2015/10/27	2314.0000	2319.8000	2271.0000	2314.8000	4974.00	3427033856	8551	2298.64	2290.8	2229.54	2214.887	2261.007	2649.89
2015/10/28	2301.8000	2311.0000	2275.6001	2279.0000	4753.00	3270675968	8675	2304.24	2294.7	2236.53	2218.26	2258.407	2641.637
2015/10/29	2283.2000	2299.0000	2271.2000	2287.3999	4289.00	2940432640	8843	2303.52	2293.74	2243.25	2221.787	2256.157	2633.422
2015/10/30	2284.8000	2311.0000	2271.6001	2286.2000	4486.00	3080534272	8976	2296.76	2290.7	2251.01	2225.453	2252.953	2626.115
2015/11/02	2255.8000	2293.6001	2253.2000	2266.6001	4709.00	3215565056	9145	2286.8	2291.04	2257.53	2229.873	2250.557	2618.728
2015/11/03	2275.2000	2282.8000	2247.0000	2251.0000	4603.00	3131678976	9437	2274.04	2286.34	2265.37	2232.907	2247.87	2611.56
2015/11/04	2265.3999	2372.0000	2260.8000	2367.2000	6815.00	4729856000	9926	2291.68	2297.96	2278.1	2237.027	2247.237	2605.455
2015/11/05	2364.0000	2476.0000	2350.2000	2424.0000	8064.00	5847381504	10181	2319	2311.26	2290.75	2244.653	2246.243	2599.322
2015/11/06	2428.0000	2493.6001	2417.2000	2486.8000	7134.00	5241820160	9428	2359.12	2327.94	2304.72	2253.96	2246.877	2593.587
2015/11/09	2484.0000	2564.8000	2471.3999	2507.0000	6843.00	5187294208	9313	2407.2	2347	2316.26	2264.673	2248	2588.433
2015/11/10	2497.2000	2534.8000	2485.6001	2497.0000	5739.00	4310163968	8939	2456.4	2365.22	2328.01	2274.767	2248.537	2583.163
2015/11/11	2492.2000	2510.8000	2450.2000	2498.3999	5296.00	3948057600	9141	2482.64	2387.16	2340.93	2286.74	2247.253	2578.373
2015/11/12	2496.8000	2510.8000	2447.0000	2462.0000	5269.00	3909865472	8730	2490.24	2404.62	2349.18	2297.04	2245.58	2574.145
2015/11/13	2442.8000	2468.3999	2431.0000	2436.2000	4947.00	3631062016	8159	2480.12	2419.62	2355.16	2307.213	2243.717	2568.255
2015/11/16	2401.0000	2437.3999	2396.2000	2433.3999	4813.00	3490372096	7294	2465.4	2436.3	2363.67	2317.12	2241.72	2562.323
2015/11/17	2445.6001	2503.0000	2411.0000	2418.0000	5725.00	4229968640	6028	2449.6	2453	2369.67	2327.913	2239.533	2555.878
2015/11/18	2433.0000	2454.8000	2420.6001	2425.0000	4347.00	3178156288	4600	2434.92	2458.78	2378.37	2338.327	2238.24	2548.562
2015/11/19	2436.8000	2471.6001	2432.6001	2471.6001	3104.00	2277907456	2628	2436.84	2463.54	2387.4	2348.347	2239.39	2540.712
2015/11/20	2461.0000	2476.8000	2460.0000	2468.6001	1888.00	1397603328	0	2443.32	2461.72	2394.83	2357.053	2240.683	2532.802
2015/11/23	2411.6001	2441.8000	2404.2000	2409.2000	4983.00	3620356864	13859	2438.48	2451.94	2399.47	2361.487	2241.553	2524.572
2015/11/24	2403.0000	2411.8000	2372.0000	2405.0000	5775.00	4144663040	14563	2435.88	2442.74	2403.98	2366.253	2243.29	2518.242
2015/11/25	2405.0000	2434.0000	2387.8000	2430.0000	5784.00	4178282752	14579	2436.88	2435.9	2411.53	2372.587	2250.37	2512.503
2015/11/26	2438.3999	2461.2000	2412.2000	2415.0000	5962.00	4359577600	14667	2425.56	2431.2	2417.91	2376.52	2260.457	2504.828
2015/11/27	2418.0000	2421.8000	2293.6001	2318.0000	7509.00	5323636736	14651	2395.44	2419.38	2419.5	2376.567	2268.597	2496.682
2015/11/30	2318.0000	2329.0000	2275.3999	2306.0000	7161.00	4955472896	14477	2374.8	2406.64	2421.47	2377.993	2273.127	2488.858
2015/12/01	2305.2000	2348.0000	2293.0000	2321.8000	6147.00	4269519872	14080	2358.16	2397.02	2425.01	2378.787	2277.273	2480.097
2015/12/02	2324.3999	2451.8000	2319.0000	2448.0000	8925.00	6364228608	13794	2361.76	2399.32	2429.05	2385.353	2283.86	2472.957
2015/12/03	2432.3999	2448.6001	2408.3999	2438.2000	7092.00	5167279104	13144	2366.4	2395.98	2429.76	2390.26	2290.563	2463.817
2015/12/04	2419.8000	2423.8000	2365.0000	2378.0000	6099.00	4372354048	13044	2378.4	2386.92	2424.32	2392.193	2296.733	2455.168
2015/12/07	2389.2000	2392.8000	2341.8000	2368.0000	5571.00	3968178688	12850	2390.8	2382.8	2417.37	2393.913	2301.993	2446.86
2015/12/08	2351.0000	2362.0000	2327.0000	2337.0000	5997.00	4215468032	12377	2393.84	2376	2409.37	2394.653	2304.77	2438.327
2015/12/09	2331.6001	2373.8000	2330.3999	2352.0000	5627.00	3971576576	11890	2374.64	2368.2	2402.05	2397.087	2307.673	2429.55
2015/12/10	2350.0000	2395.6001	2320.0000	2329.0000	6530.00	4626190848	11643	2352.8	2359.6	2395.4	2398.473	2310.13	2421.76
2015/12/11	2340.0000	2350.0000	2310.3999	2340.0000	5639.00	3940367616	10825	2345.2	2361.8	2390.59	2400.267	2312.86	2414.648
2015/12/14	2310.0000	2419.8000	2305.3999	2413.8000	6715.00	4741218304	9943	2354.36	2372.58	2389.61	2405.173	2317.523	2408.052
2015/12/15	2403.2000	2416.2000	2370.0000	2372.6001	5889.00	4223048448	7674	2361.48	2377.66	2387.34	2409.227	2321.067	2402.112
2015/12/16	2386.2000	2396.6001	2369.0000	2374.0000	4904.00	3506512128	5991	2365.88	2370.26	2384.79	2409.453	2323.24	2396.953
2015/12/17	2386.2000	2429.6001	2385.0000	2403.6001	4452.00	3214032128	3309	2380.8	2366.8	2381.39	2408.773	2326.713	2392.128
2015/12/18	2400.0000	2465.8000	2397.2000	2430.2000	2338.00	1701960192	0	2398.84	2372.02	2379.47	2406.887	2330.423	2387.012
2015/12/21	2396.0000	2474.8000	2385.8000	2466.2000	6483.00	4742143488	11176	2409.32	2381.84	2382.32	2405.527	2335.1	2383.237
2015/12/22	2472.3999	2479.8000	2445.3999	2465.0000	5421.00	4000048128	10945	2427.8	2394.64	2385.32	2404.46	2339.613	2381.362
2015/12/23	2470.0000	2512.8000	2457.0000	2470.8000	7040.00	5238633984	11632	2447.16	2406.52	2387.36	2403.54	2345.14	2379.828
2015/12/24	2472.3999	2478.6001	2433.3999	2458.0000	6207.00	4574068736	11338	2458.04	2419.42	2389.51	2403.407	2350.223	2376.58
2015/12/25	2458.0000	2480.8000	2454.0000	2480.8000	4783.00	3540430592	11240	2468.16	2433.5	2397.65	2404.893	2356.053	2374.785
2015/12/28	2468.2000	2479.6001	2377.0000	2379.8000	6018.00	4391944192	11555	2450.88	2430.1	2401.34	2403.107	2360.113	2371.78
2015/12/29	2395.6001	2422.6001	2388.8000	2411.0000	5634.00	4064687872	11706	2440.08	2433.94	2405.8	2402.873	2365.393	2370.238
2015/12/30	2417.3999	2422.6001	2386.0000	2404.6001	5852.00	4221780736	11588	2426.84	2437	2403.63	2402.193	2370.26	2367.303
2015/12/31	2405.6001	2425.3999	2387.3999	2388.8000	5776.00	4172692992	11063	2413	2435.52	2401.16	2399.433	2373.89	2364.318
2016/01/04	2374.0000	2388.3999	2240.2000	2254.0000	4786.00	3346574080	10650	2367.64	2417.9	2394.96	2392.28	2374.667	2362.267
2016/01/05	2250.2000	2299.0000	2211.8000	2261.0000	7003.00	4758427136	11654	2343.88	2397.38	2389.61	2387.34	2374.413	2358.18
2016/01/06	2260.0000	2303.3999	2256.2000	2288.0000	6342.00	4333038592	11130	2319.28	2379.68	2387.16	2383.44	2374.847	2353.472
2016/01/07	2268.0000	2268.2000	2140.0000	2145.8000	1951.00	1299905408	10507	2267.52	2347.18	2376.85	2373.967	2373.277	2348.028
2016/01/08	2200.0000	2244.8000	2135.8000	2194.2000	7394.00	4877367296	11371	2228.6	2320.8	2370.11	2366.607	2371.563	2343.708
2016/01/11	2168.0000	2186.0000	2105.6001	2109.6001	7682.00	4969221632	10850	2199.72	2283.68	2358.59	2359.66	2368.113	2338.722
2016/01/12	2136.8000	2154.8000	2112.6001	2121.2000	6770.00	4327313920	9483	2171.76	2257.82	2343.96	2353.5	2365.747	2333.393
2016/01/13	2155.0000	2167.3999	2095.0000	2098.8000	7022.00	4496240640	7694	2133.92	2226.6	2330.27	2346.067	2362.427	2327.615
2016/01/14	2052.0000	2133.8000	2050.0000	2129.0000	6296.00	3952675840	4723	2130.56	2199.04	2318.02	2335.433	2360.393	2322.937
2016/01/15	2117.0000	2124.3999	2074.8000	2079.0000	3876.00	2445507840	0	2107.52	2168.06	2301.79	2323.46	2356.86	2318.045
2016/01/18	2026.0000	2069.0000	2020.8000	2028.0000	6503.00	3983819008	8798	2091.2	2145.46	2281.68	2311.793	2351.993	2313.007
2016/01/19	2040.2000	2096.0000	2022.4000	2085.0000	6900.00	4269603072	9095	2083.96	2127.86	2262.62	2302.36	2348.137	2307.5
2016/01/20	2065.0000	2079.0000	2021.6000	2039.2000	7176.00	4423859712	9360	2072.04	2102.98	2241.33	2292.433	2343.543	2302.275
2016/01/21	2046.2000	2075.6001	1989.2000	2000.0000	7757.00	4739840000	10086	2046.24	2088.4	2217.79	2280.7	2338.893	2298.65
2016/01/22	2037.0000	2042.2000	1993.8000	2029.6000	7414.00	4494649344	10199	2036.36	2071.94	2196.37	2270.72	2334.597	2295.377
2016/01/25	2029.6000	2045.8000	2016.2000	2025.8000	5537.00	3371208192	9877	2035.92	2063.56	2173.62	2260.247	2330.257	2291.605
2016/01/26	2014.8000	2022.8000	1919.8000	1925.0000	7265.00	4320643072	10543	2003.92	2043.94	2150.88	2243.953	2324.563	2287.56
2016/01/27	1940.2000	1947.6000	1892.4000	1927.0000	7502.00	4332528640	11046	1981.48	2026.76	2126.68	2229.1	2319.163	2283.517
2016/01/28	1927.0000	1939.6000	1890.2000	1899.4000	6232.00	3590245120	10777	1961.36	2003.8	2101.42	2213.28	2311.367	2279.302
2016/01/29	1907.4000	1972.8000	1904.0000	1955.4000	7396.00	4315574784	10741	1946.52	1991.44	2079.75	2198.34	2303.557	2274.9
2016/02/01	1957.6000	1961.0000	1904.6000	1925.8000	5844.00	3391216384	10359	1926.52	1981.22	2063.34	2181.527	2294.207	2270.542
2016/02/02	1925.0000	1973.8000	1924.6000	1960.6000	5899.00	3459301632	10113	1933.64	1968.78	2048.32	2164.673	2285.1	2266.55
2016/02/03	1944.6000	1948.0000	1917.6000	1940.2000	5553.00	3219041792	9932	1936.28	1958.88	2030.93	2147.18	2275.82	2262.178
2016/02/04	1961.4000	1981.4000	1945.2000	1968.8000	5856.00	3450350080	9349	1950.16	1955.76	2022.08	2130.447	2266.993	2257.123
2016/02/05	1960.8000	1972.0000	1950.0000	1950.0000	4253.00	2498491392	8433	1949.08	1947.8	2009.87	2113.513	2258.46	2252.02
2016/02/15	1910.2000	1949.8000	1907.0000	1937.0000	5232.00	3029521664	8129	1951.32	1938.92	2001.24	2095.387	2250.14	2246.928
2016/02/16	1948.0000	2001.8000	1948.0000	1988.6000	5622.00	3348367360	6821	1956.92	1945.28	1994.61	2082.347	2242.727	2242.223
2016/02/17	1988.0000	2013.2000	1983.0000	2000.8000	4731.00	2837014016	5208	1969.04	1952.66	1989.71	2068.673	2235.773	2237.653
2016/02/18	2021.2000	2028.8000	2003.2000	2006.8000	3280.00	1982880640	3493	1976.64	1963.4	1983.6	2055.413	2228.803	2233.522
2016/02/19	2000.4000	2012.0000	1991.0000	2002.4000	2248.00	1350796288	0	1987.12	1968.1	1979.77	2042.533	2220.983	2230.187
2016/02/22	2000.0000	2031.2000	1982.0000	2017.0000	7233.00	4353576448	15969	2003.12	1977.22	1979.22	2034.633	2213.457	2227.07
2016/02/23	2013.0000	2018.0000	1982.0000	1998.2000	6490.00	3894769408	16104	2005.04	1980.98	1974.88	2025.873	2206.607	2224.08
2016/02/24	1996.6000	2016.0000	1978.2000	2010.8000	6839.00	4099207424	16428	2007.04	1988.04	1973.46	2016.633	2200.037	2221.663
2016/02/25	2006.0000	2014.0000	1893.4000	1908.4000	8943.00	5265456640	16574	1987.36	1982	1968.88	2008.72	2191.343	2220.857
2016/02/26	1935.6000	1941.8000	1910.2000	1931.4000	7485.00	4332552704	16612	1973.16	1980.14	1963.97	1999.96	2183.283	2221.87
2016/02/29	1923.0000	1929.6000	1865.2000	1905.2000	8354.00	4751626752	16708	1950.8	1976.96	1957.94	1993.147	2176.403	2222.5
2016/03/01	1907.2000	1969.8000	1905.4000	1948.0000	8986.00	5212070912	16041	1940.76	1972.9	1959.09	1987.373	2170.437	2221.782
2016/03/02	1961.2000	2029.0000	1960.0000	2027.8000	8860.00	5309739520	15936	1944.16	1975.6	1964.13	1985.007	2165.537	2221.405
2016/03/03	2028.0000	2038.2000	2012.8000	2027.8000	7326.00	4452374528	15480	1968.04	1977.7	1970.55	1981.633	2158.533	2221.197
2016/03/04	2025.0000	2101.2000	2021.6000	2101.0000	10489.00	6483803648	15922	2001.96	1987.56	1977.83	1982.367	2152.913	2221.738
2016/03/07	2117.0000	2136.0000	2085.3999	2105.0000	8275.00	5230944256	14787	2041.92	1996.36	1986.79	1984.933	2148.363	2222.548
2016/03/08	2098.8000	2106.0000	2025.0000	2100.8000	8497.00	5257931264	14619	2072.48	2006.62	1993.8	1985.46	2143.91	2222.952
2016/03/09	2067.0000	2083.3999	2044.8000	2077.3999	7977.00	4936387072	13916	2082.4	2013.28	2000.66	1986.733	2139.583	2222.177
2016/03/10	2077.0000	2098.0000	2045.6000	2045.8000	6937.00	4321662976	13565	2086	2027.02	2004.51	1988.26	2134.48	2221.077
2016/03/11	2048.6001	2062.2000	2027.0000	2052.8000	7296.00	4479808000	12551	2076.36	2039.16	2009.65	1989.033	2129.877	2220.003
2016/03/14	2075.3999	2115.0000	2064.6001	2067.3999	8186.00	5132033536	11068	2068.84	2055.38	2016.17	1990.42	2125.333	2219.097
2016/03/15	2070.2000	2084.3999	2046.6000	2080.2000	7598.00	4708454912	9400	2064.72	2068.6	2020.75	1995.593	2119.773	2218.648
2016/03/16	2078.0000	2116.6001	2073.6001	2105.3999	7711.00	4859386368	8226	2070.32	2076.36	2025.98	2001.54	2115.32	2218.193
2016/03/17	2127.8000	2160.2000	2106.0000	2130.0000	6641.00	4245326592	4558	2087.16	2086.58	2032.14	2009.227	2111.253	2217.247
2016/03/18	2133.0000	2162.2000	2131.6001	2146.6001	3483.00	2241686016	0	2105.92	2091.14	2039.35	2015.6	2106.97	2216.842
2016/03/21	2138.2000	2204.8000	2136.8000	2177.0000	8245.00	5380901888	13431	2127.84	2098.34	2047.35	2023.973	2102.75	2216.587
2016/03/22	2170.0000	2182.0000	2158.6001	2162.2000	5949.00	3873445120	13184	2144.24	2104.48	2055.55	2030.693	2097.683	2216.392
2016/03/23	2170.0000	2181.3999	2142.6001	2160.8000	6519.00	4224096768	13467	2155.32	2112.82	2063.05	2038.047	2092.613	2216.113
2016/03/24	2149.8000	2149.8000	2095.0000	2124.0000	6837.00	4374167552	13201	2154.12	2120.64	2073.83	2043.22	2086.833	2215.987
2016/03/25	2126.2000	2149.3999	2126.2000	2134.2000	5604.00	3591357952	13106	2151.64	2128.78	2083.97	2049.36	2081.437	2215.83
2016/03/28	2141.3999	2163.8000	2107.2000	2110.8000	6390.00	4098938624	13111	2138.4	2133.12	2094.25	2055.153	2075.27	2215.662
2016/03/29	2123.3999	2129.3999	2090.3999	2103.0000	6621.00	4192367104	13110	2126.56	2135.4	2102	2058.967	2070.657	2215.385
2016/03/30	2124.2000	2159.2000	2118.2000	2154.6001	7901.00	5069213696	13655	2125.32	2140.32	2108.34	2064.093	2066.383	2215.888
2016/03/31	2168.0000	2172.6001	2141.3999	2158.3999	6820.00	4409865216	13524	2132.2	2143.16	2114.87	2069.147	2062.28	2216.27
2016/04/01	2154.8000	2165.0000	2114.3999	2164.6001	7556.00	4863676416	13963	2138.28	2144.96	2118.05	2074.553	2058.543	2216.217
2016/04/05	2145.0000	2189.2000	2142.3999	2173.0000	6999.00	4546298880	13711	2150.72	2144.56	2121.45	2079.753	2057.193	2215.93
2016/04/06	2160.0000	2172.8000	2156.3999	2164.2000	5135.00	3336308224	13052	2162.96	2144.76	2124.62	2085.287	2055.58	2214.997
2016/04/07	2178.2000	2181.3999	2135.3999	2140.8000	6535.00	4221330432	12682	2160.2	2142.76	2127.79	2089.62	2053.127	2213.987
2016/04/08	2125.6001	2137.3999	2114.0000	2124.2000	6145.00	3918655744	12169	2153.36	2142.78	2131.71	2096.813	2052.767	2213.022
2016/04/11	2141.2000	2169.6001	2139.6001	2145.0000	6363.00	4115897600	11050	2149.44	2143.86	2136.32	2103.933	2051.947	2211.755
2016/04/12	2149.3999	2150.6001	2135.0000	2143.8000	5823.00	3742752000	9826	2143.6	2147.16	2140.14	2111.887	2052.517	2210.315
2016/04/13	2166.0000	2203.2000	2160.3999	2169.0000	6941.00	4549924864	7879	2144.56	2153.76	2144.58	2119.253	2053.313	2209.53
2016/04/14	2188.3999	2194.8000	2166.6001	2178.2000	5242.00	3428896256	4130	2152.04	2156.12	2148.22	2124.267	2054.637	2208.532
2016/04/15	2184.8000	2188.0000	2172.0000	2181.8000	3263.00	2134170112	0	2163.56	2158.46	2150.81	2129.4	2055.517	2207.955
2016/04/18	2165.0000	2165.0000	2140.3999	2149.8000	5351.00	3454834176	11927	2164.52	2156.98	2150.97	2131.027	2056.697	2206.778
2016/04/19	2164.0000	2170.0000	2145.3999	2155.0000	5103.00	3297354752	11965	2166.76	2155.18	2149.87	2132.693	2058.813	2205.403
2016/04/20	2158.6001	2165.8000	2080.2000	2123.0000	7585.00	4836179456	12588	2157.56	2151.06	2147.91	2133.433	2059.447	2203.792
2016/04/21	2126.0000	2162.6001	2119.8000	2136.3999	6920.00	4441996288	12769	2149.2	2150.62	2146.69	2135.4	2061.067	2202.305
2016/04/22	2123.3999	2154.0000	2121.2000	2147.8000	5767.00	3708000512	12824	2142.4	2152.98	2147.88	2138.8	2063.53	2201.212
2016/04/25	2139.0000	2143.0000	2111.3999	2136.8000	5531.00	3535630336	12592	2139.8	2152.16	2148.01	2141.6	2065.317	2199.957
2016/04/26	2142.3999	2164.6001	2125.2000	2141.3999	5395.00	3463495424	12720	2137.08	2151.92	2149.54	2144.067	2067.243	2198.75
2016/04/27	2147.2000	2149.8000	2122.8000	2131.6001	4584.00	2940554752	12628	2138.8	2148.18	2150.97	2145.78	2070.687	2197.625
2016/04/28	2140.8000	2142.8000	2119.6001	2124.6001	4858.00	3105809152	12886	2136.44	2142.82	2149.47	2146.42	2073.98	2196.572
2016/04/29	2127.6001	2134.8000	2120.0000	2124.6001	4156.00	2653743616	12360	2131.8	2137.1	2147.78	2146.24	2077.733	2194.55
2016/05/03	2131.3999	2165.0000	2113.6001	2155.0000	5732.00	3690560768	12770	2135.44	2137.62	2147.3	2146.52	2081.06	2192.308
2016/05/04	2148.0000	2152.8000	2138.6001	2149.2000	4443.00	2860556288	12122	2137	2137.04	2146.11	2145.593	2084.783	2189.495
2016/05/05	2142.8000	2147.3999	2136.0000	2146.2000	3920.00	2519195648	11888	2139.92	2139.36	2145.21	2145.06	2087.877	2186.488
2016/05/06	2145.3999	2148.0000	2091.2000	2091.2000	5872.00	3742029824	12397	2133.24	2134.84	2142.73	2142.74	2090.393	2183.107
2016/05/09	2090.8000	2092.0000	2054.2000	2060.2000	5470.00	3405876992	11961	2120.36	2126.08	2139.53	2140.613	2091.917	2179.455
2016/05/10	2050.0000	2078.0000	2050.0000	2064.3999	4725.00	2931086592	11430	2102.24	2118.84	2135.5	2138.287	2093.823	2176.142
2016/05/11	2072.6001	2082.0000	2060.8000	2070.8000	4752.00	2952116992	11022	2086.56	2111.78	2131.85	2136.953	2096.053	2173.097
2016/05/12	2064.3999	2083.2000	2048.2000	2076.0000	5091.00	3158360576	10672	2072.52	2106.22	2127.2	2136.053	2097.51	2170.118
2016/05/13	2074.6001	2084.8000	2066.3999	2073.2000	4542.00	2828450560	9633	2068.92	2101.08	2121.95	2133.34	2098.717	2167.245
2016/05/16	2069.8000	2082.6001	2056.8000	2077.8000	4786.00	2973219328	8923	2072.44	2096.4	2116.75	2130.653	2099.9	2164.352
2016/05/17	2079.8000	2084.8000	2063.3999	2075.6001	4992.00	3105233152	7123	2074.68	2088.46	2113.04	2127.687	2101.12	2161.052
2016/05/18	2065.8000	2076.8000	2044.6000	2068.8000	5260.00	3253379072	5082	2074.28	2080.42	2108.73	2124.213	2101.983	2157.72
2016/05/19	2066.6001	2084.6001	2062.8000	2066.3999	4035.00	2508062720	2494	2072.36	2072.44	2105.9	2120.953	2103.12	2154.863
2016/05/20	2068.0000	2079.6001	2055.0000	2077.8000	2049.00	1274033792	0	2073.28	2071.1	2102.97	2118.853	2104.237	2152.137
2016/05/23	2063.6001	2081.6001	2060.3999	2064.2000	4673.00	2901358848	12940	2070.56	2071.5	2098.79	2116.853	2106.833	2149.088
2016/05/24	2062.8000	2065.6001	2046.6000	2052.8000	4470.00	2754252032	13200	2066	2070.34	2094.59	2113.78	2108.857	2146.07
2016/05/25	2069.6001	2072.0000	2055.0000	2057.0000	4538.00	2808213504	13548	2063.64	2068.96	2090.37	2110.887	2111.387	2143.895
2016/05/26	2059.6001	2078.3999	2044.6000	2057.2000	5025.00	3100702464	13751	2061.8	2067.08	2086.65	2107.16	2113.207	2141.822
2016/05/27	2059.3999	2066.3999	2053.2000	2062.2000	3829.00	2366416640	13532	2058.68	2065.98	2083.53	2103.293	2113.78	2139.658
2016/05/30	2061.8000	2077.2000	2048.6001	2075.0000	4580.00	2839864064	13697	2060.84	2065.7	2081.05	2099.733	2114.567	2136.55
2016/05/31	2075.3999	2149.8000	2075.3999	2144.0000	7182.00	4582700544	13777	2079.08	2072.54	2080.5	2099.54	2115.283	2134.098
2016/06/01	2141.3999	2145.0000	2125.2000	2126.3999	4981.00	3191753984	12837	2092.96	2078.3	2079.36	2098.587	2115.64	2132.002
2016/06/02	2129.0000	2136.3999	2120.2000	2126.6001	3693.00	2356312576	12456	2106.84	2084.32	2078.38	2098.707	2116.07	2129.99
2016/06/03	2136.8000	2149.8000	2125.6001	2142.8000	4722.00	3025508352	12324	2122.96	2090.82	2080.96	2098.92	2117.16	2128.372
2016/06/06	2142.0000	2153.8000	2127.2000	2129.8000	4100.00	2624020992	11711	2133.92	2097.38	2084.44	2098.32	2118.56	2126.52
2016/06/07	2135.6001	2139.6001	2130.3999	2132.6001	3439.00	2201467648	11285	2131.64	2105.36	2087.85	2098.18	2119.89	2124.883
2016/06/08	2134.0000	2134.0000	2114.6001	2127.3999	3816.00	2431549184	10957	2131.84	2112.4	2090.68	2097.713	2120.89	2123.112
2016/06/13	2097.2000	2113.0000	2060.6001	2060.6001	5337.00	3358997248	10044	2118.64	2112.74	2089.91	2095.347	2120.563	2120.168
2016/06/14	2067.8000	2093.6001	2065.0000	2084.0000	5223.00	3260697344	8145	2106.88	2114.92	2090.45	2093.993	2120.207	2117.763
2016/06/15	2063.0000	2110.3999	2061.2000	2092.6001	5583.00	3498691328	5724	2099.44	2116.68	2091.19	2092.927	2119.583	2115.418
2016/06/16	2086.6001	2098.2000	2084.2000	2092.6001	3877.00	2433602304	3168	2091.44	2111.54	2092.04	2090.847	2118.683	2112.827
2016/06/17	2095.2000	2116.6001	2095.2000	2103.3999	2617.00	1655262848	0	2086.64	2109.24	2093.77	2089.32	2117.457	2110.103
2016/06/20	2074.3999	2079.0000	2053.2000	2069.0000	4447.00	2755420160	10905	2088.32	2103.48	2093.9	2086.747	2115.903	2106.793
2016/06/21	2073.3999	2102.0000	2064.0000	2068.8000	5010.00	3125612800	11549	2085.28	2096.08	2093.45	2086	2114.37	2103.492
2016/06/22	2067.3999	2084.0000	2062.2000	2080.0000	4213.00	2623340032	11464	2082.76	2091.1	2094.24	2086.66	2113.637	2100.235
2016/06/23	2083.8000	2084.3999	2065.2000	2074.2000	4361.00	2713253632	11874	2079.08	2085.26	2095.31	2086.987	2112.637	2097.037
2016/06/24	2072.0000	2089.3999	2022.2000	2047.0000	5764.00	3564697600	12505	2067.8	2077.22	2094.81	2086.193	2111.573	2093.422
2016/06/27	2055.0000	2073.6001	2051.8000	2072.6001	4393.00	2722431744	12208	2068.52	2078.42	2095.58	2086.08	2111.067	2090.862
2016/06/28	2065.8000	2080.3999	2060.2000	2078.6001	3885.00	2410806528	12320	2070.48	2077.88	2096.4	2086.26	2109.8	2088.092
2016/06/29	2082.8000	2102.6001	2082.0000	2099.8000	4462.00	2801611264	12603	2074.44	2078.6	2097.64	2086.993	2108.823	2085.552
2016/06/30	2106.3999	2113.2000	2099.0000	2100.8000	4281.00	2704770048	12400	2079.76	2079.42	2095.48	2087.833	2107.76	2083.152
2016/07/01	2108.2000	2115.0000	2103.2000	2105.0000	4116.00	2605040640	12930	2091.36	2079.58	2094.41	2089.04	2106.627	2081.91
2016/07/04	2106.2000	2151.8000	2102.0000	2138.8000	4803.00	3071769856	13032	2104.6	2086.56	2095.02	2091.453	2106.203	2080.892
2016/07/05	2140.3999	2152.6001	2137.2000	2145.6001	3842.00	2473027072	12742	2118	2094.24	2095.16	2093.713	2106.283	2079.705
2016/07/06	2138.6001	2146.3999	2126.2000	2144.2000	3931.00	2520178176	12427	2126.88	2100.66	2095.88	2096.38	2106.617	2079.692
2016/07/07	2144.0000	2151.3999	2134.8000	2145.8000	3781.00	2430727680	12288	2135.88	2107.82	2096.54	2099.48	2106.63	2079.288
2016/07/08	2140.0000	2145.3999	2132.8000	2137.8000	4355.00	2793988096	11684	2142.44	2116.9	2097.06	2102.173	2106.53	2079.523
2016/07/11	2148.6001	2166.8000	2140.0000	2146.0000	5283.00	3413332736	10620	2143.88	2124.24	2101.33	2105.133	2106.147	2079.73
2016/07/12	2150.0000	2198.6001	2149.2000	2193.3999	5626.00	3660457984	9510	2153.44	2135.72	2106.8	2109.507	2106.4	2080.518
2016/07/13	2200.0000	2222.0000	2190.6001	2192.0000	5947.00	3933896960	6508	2163	2144.94	2111.77	2113.407	2106.57	2081.043
2016/07/14	2195.0000	2198.8000	2181.6001	2192.3999	3831.00	2519218432	3672	2172.32	2154.1	2116.76	2115.02	2107.28	2081.988
2016/07/15	2193.8000	2199.6001	2187.6001	2191.3999	2691.00	1770887808	0	2183.04	2162.74	2121.16	2117.187	2107.887	2083.35
2016/07/18	2186.6001	2197.8000	2175.2000	2177.3999	3733.00	2447072512	9970	2189.32	2166.6	2126.58	2118.88	2108.793	2084.12
2016/07/19	2178.2000	2184.8000	2150.2000	2160.0000	4444.00	2885929984	10369	2182.64	2168.04	2131.14	2119.453	2109.187	2085.127
2016/07/20	2158.8000	2167.6001	2152.3999	2153.3999	3640.00	2357278208	10113	2174.92	2168.96	2134.81	2120.24	2109.28	2086.405
2016/07/21	2156.8000	2174.2000	2156.0000	2167.3999	3942.00	2563054848	10229	2169.92	2171.12	2139.47	2121.4	2109.79	2087.553
2016/07/22	2163.2000	2166.8000	2144.2000	2145.3999	3919.00	2531704320	10328	2160.72	2171.88	2144.39	2122	2109.857	2088.55
2016/07/25	2152.2000	2157.3999	2144.3999	2148.3999	3455.00	2228525824	10280	2154.92	2172.12	2148.18	2124.927	2110.137	2090.412
2016/07/26	2141.8000	2178.0000	2141.2000	2175.6001	4352.00	2825940480	10273	2158.04	2170.34	2153.03	2127.98	2110.987	2092.483
2016/07/27	2175.8000	2181.3999	2114.8000	2153.0000	6261.00	4041886976	10615	2157.96	2166.44	2155.69	2129.993	2111.46	2094.597
2016/07/28	2151.0000	2164.8000	2141.8000	2159.8000	5089.00	3290944256	10335	2156.44	2163.18	2158.64	2132.233	2111.54	2096.3
2016/07/29	2158.8000	2161.6001	2143.2000	2152.0000	4049.00	2616540928	9890	2157.76	2159.24	2160.99	2133.853	2111.587	2098.185
2016/08/01	2151.0000	2153.0000	2132.3999	2137.8000	3980.00	2557269248	9809	2155.64	2155.28	2160.94	2136.147	2111.447	2099.662
2016/08/02	2142.3999	2147.8000	2132.6001	2139.0000	2799.00	1796865408	9640	2148.32	2153.18	2160.61	2138.487	2112.243	2101.318
2016/08/03	2131.2000	2146.3999	2130.2000	2136.8000	2902.00	1861906816	9643	2145.08	2151.52	2160.24	2140.38	2113.52	2102.718
2016/08/04	2136.3999	2140.3999	2120.0000	2136.6001	2898.00	1851907840	9686	2140.44	2148.44	2159.78	2142.46	2114.723	2104.273
2016/08/05	2135.3999	2155.0000	2130.0000	2142.6001	3431.00	2205114112	9840	2138.56	2148.16	2160.02	2145.647	2115.92	2105.987
2016/08/08	2142.6001	2153.6001	2132.2000	2152.0000	3198.00	2057121792	9618	2141.4	2148.52	2160.32	2148.293	2117.187	2107.348
2016/08/09	2154.0000	2171.3999	2150.8000	2166.2000	3143.00	2038093568	9439	2146.84	2147.58	2158.96	2151.213	2118.737	2108.727
2016/08/10	2167.8000	2173.3999	2162.2000	2167.0000	2705.00	1759218432	9155	2152.88	2148.98	2157.71	2153.453	2120.223	2110.062
2016/08/11	2168.2000	2210.3999	2165.0000	2172.8000	4498.00	2949614336	9254	2160.12	2150.28	2156.73	2155.853	2121.843	2111.482
2016/08/12	2172.8000	2221.3999	2171.2000	2214.8000	4288.00	2818342144	8699	2174.56	2156.56	2157.9	2159.513	2124.277	2113.13
2016/08/15	2222.0000	2311.6001	2218.8000	2280.2000	5743.00	3908477184	8184	2200.2	2170.8	2163.04	2164.227	2127.84	2115.48
2016/08/16	2294.6001	2301.3999	2253.2000	2258.6001	5555.00	3795229952	5810	2218.68	2182.76	2167.97	2167.993	2130.853	2117.545
2016/08/17	2264.0000	2274.0000	2240.3999	2251.8000	4129.00	2795509248	3996	2235.64	2194.26	2172.89	2171.58	2133.98	2120.407
2016/08/18	2253.2000	2274.6001	2232.2000	2245.8000	3007.00	2035137792	2085	2250.24	2205.18	2176.81	2174.913	2137.197	2123.027
2016/08/19	2252.8000	2252.8000	2234.2000	2242.3999	1580.00	1062444800	0	2255.76	2215.16	2181.66	2178.4	2140.287	2125.837
2016/08/22	2244.0000	2251.8000	2227.2000	2233.0000	4034.00	2706523392	14613	2246.32	2223.26	2185.89	2181.3	2143.217	2128.212
2016/08/23	2231.2000	2252.8000	2224.6001	2235.0000	4704.00	3160331776	14832	2241.6	2230.14	2188.86	2182.687	2146.097	2129.938
2016/08/24	2238.0000	2239.6001	2215.6001	2225.2000	4414.00	2949330432	15372	2236.28	2235.96	2192.47	2183.793	2148.6	2131.583
2016/08/25	2219.0000	2219.0000	2196.6001	2212.2000	4748.00	3147388928	15492	2229.56	2239.9	2195.09	2184.453	2149.737	2132.51
2016/08/26	2214.0000	2226.8000	2208.6001	2211.0000	4098.00	2726416896	15718	2223.28	2239.52	2198.04	2185.107	2151.147	2133.393
2016/08/29	2212.6001	2213.0000	2190.3999	2205.2000	3935.00	2602680576	15963	2217.72	2232.02	2201.41	2186.033	2152.457	2134.263
2016/08/30	2209.8000	2225.6001	2206.6001	2219.2000	3754.00	2494284544	15634	2214.56	2228.08	2205.42	2188.007	2153.73	2135.445
2016/08/31	2218.0000	2235.8000	2213.0000	2226.2000	3769.00	2513682432	15622	2214.76	2225.52	2209.89	2190.433	2155.337	2136.948
2016/09/01	2224.0000	2228.8000	2210.3999	2211.6001	3675.00	2449360896	15410	2214.64	2222.1	2213.64	2191.907	2156.653	2138.272
2016/09/02	2209.0000	2223.8000	2209.0000	2218.8000	4046.00	2689139456	14913	2216.2	2219.74	2217.45	2194.353	2158.177	2139.533
2016/09/05	2224.8000	2239.6001	2220.3999	2220.6001	4104.00	2741470464	14549	2219.28	2218.5	2220.88	2196.76	2160.843	2140.703
2016/09/06	2222.6001	2238.0000	2206.2000	2230.0000	4817.00	3211593728	14318	2221.44	2218	2224.07	2198.573	2163.277	2141.742
2016/09/07	2230.2000	2243.2000	2226.0000	2234.0000	4375.00	2932152832	13704	2223	2218.88	2227.42	2201.273	2165.633	2142.608
2016/09/08	2233.6001	2235.3999	2227.8000	2230.6001	3656.00	2446955520	12872	2226.8	2220.72	2230.31	2203.633	2167.933	2143.308
2016/09/09	2230.3999	2236.8000	2222.2000	2224.8000	3861.00	2584800512	11919	2228	2222.1	2230.81	2206.06	2169.957	2143.707
2016/09/12	2194.3999	2196.6001	2168.0000	2187.6001	6215.00	4071558400	9971	2221.4	2220.34	2226.18	2207.72	2171.933	2143.918
2016/09/13	2188.2000	2193.2000	2183.2000	2186.0000	5535.00	3631636992	7311	2212.6	2217.02	2222.55	2209.287	2173.887	2144.128
2016/09/14	2180.0000	2184.0000	2170.8000	2175.0000	4789.00	3130480896	3623	2200.8	2211.9	2218.71	2210.56	2175.47	2144.553
2016/09/19	2175.6001	2189.8000	2175.0000	2187.2000	2412.00	1580915840	0	2192.12	2209.46	2215.78	2212.247	2177.353	2144.995
2016/09/20	2175.2000	2175.2000	2165.0000	2172.3999	3075.00	2001611136	14392	2181.64	2204.82	2212.28	2213.24	2179.443	2145.508
2016/09/21	2172.3999	2181.0000	2168.6001	2176.6001	3147.00	2053368320	14604	2179.44	2200.42	2209.46	2214.06	2181.177	2146.122
2016/09/22	2184.8000	2204.3999	2181.2000	2189.6001	3909.00	2570920704	14838	2180.16	2196.38	2207.19	2214.84	2183.027	2146.413
2016/09/23	2189.0000	2194.3999	2184.3999	2184.3999	3340.00	2192989696	14921	2182.04	2191.42	2205.15	2215.42	2184.437	2146.63
2016/09/26	2179.2000	2179.8000	2158.6001	2160.8000	4390.00	2860556032	15198	2176.76	2184.44	2202.58	2215.02	2185.437	2146.598
2016/09/27	2156.8000	2172.3999	2154.2000	2168.2000	4303.00	2793458944	14578	2175.92	2178.78	2200.44	2213.467	2186.49	2146.558
2016/09/28	2168.0000	2168.6001	2159.2000	2163.8000	3314.00	2151398400	14627	2173.36	2176.4	2198.37	2209.587	2186.907	2146.555
2016/09/29	2168.6001	2182.6001	2168.6001	2173.3999	3326.00	2170011392	14262	2170.12	2175.14	2196.08	2206.747	2187.37	2146.827
2016/09/30	2168.8000	2180.6001	2166.2000	2175.3999	2848.00	1858243968	14024	2168.32	2175.18	2193.54	2204.2	2187.89	2147.253
2016/10/10	2190.8000	2208.8000	2181.0000	2199.6001	4067.00	2676964608	14013	2176.08	2176.42	2192.94	2202.66	2188.787	2147.708
2016/10/11	2200.0000	2207.6001	2198.0000	2204.0000	3465.00	2290133760	13112	2183.24	2179.58	2192.2	2201.38	2189.89	2148.21
2016/10/12	2199.2000	2200.6001	2194.0000	2198.2000	2679.00	1766028032	12399	2190.12	2181.74	2191.08	2200.22	2190.76	2148.453
2016/10/13	2194.8000	2204.3999	2190.6001	2194.6001	2874.00	1892910976	11761	2194.36	2182.24	2189.31	2198.873	2190.78	2148.59
2016/10/14	2194.6001	2208.0000	2187.3999	2206.2000	3337.00	2199504640	11009	2200.52	2184.42	2187.92	2198.24	2191.017	2148.793
2016/10/17	2202.2000	2204.0000	2153.3999	2186.2000	3832.00	2525246976	9843	2197.84	2186.96	2185.7	2197.373	2190.913	2149.097
2016/10/18	2187.2000	2222.8000	2186.0000	2220.6001	4619.00	3055659776	8440	2201.16	2192.2	2185.49	2197.693	2191.4	2149.643
2016/10/19	2223.0000	2230.3999	2215.0000	2217.3999	4685.00	3122289152	5930	2205	2197.56	2186.98	2198.1	2192.067	2150.43
2016/10/20	2219.0000	2227.8000	2217.8000	2221.2000	3968.00	2644683520	3187	2210.32	2202.34	2188.74	2198.167	2193.087	2151.137
2016/10/21	2215.2000	2248.8000	2215.2000	2234.3999	2284.00	1528057344	0	2215.96	2208.24	2191.71	2198.44	2194.437	2151.858
2016/10/24	2226.2000	2274.0000	2226.2000	2258.8000	4700.00	3173986304	15355	2230.48	2214.16	2195.29	2200.013	2195.96	2152.875
2016/10/25	2258.8000	2260.8000	2250.3999	2253.2000	3059.00	2069577472	15383	2237	2219.08	2199.33	2201.16	2197.757	2153.807
2016/10/26	2253.2000	2260.0000	2241.0000	2244.8000	3302.00	2230516224	15467	2242.48	2223.74	2202.74	2201.967	2199.363	2154.75
2016/10/27	2246.2000	2247.3999	2233.3999	2241.8000	3158.00	2121335296	15390	2246.6	2228.46	2205.35	2202.36	2200.467	2155.727
2016/10/28	2242.2000	2264.8000	2242.2000	2247.3999	3972.00	2683337984	15294	2249.2	2232.58	2208.5	2202.807	2202.04	2156.75
2016/10/31	2242.8000	2246.0000	2222.3999	2242.8000	2863.00	1920902144	15190	2246	2238.24	2212.6	2203.213	2203.423	2157.482
2016/11/01	2243.0000	2257.8000	2238.8000	2253.8000	3327.00	2246501120	15207	2246.12	2241.56	2216.88	2204.18	2205.12	2158.353
2016/11/02	2243.2000	2249.3999	2231.0000	2240.6001	3072.00	2066511104	14915	2245.28	2243.88	2220.72	2205.947	2206.833	2159.14
2016/11/03	2237.3999	2276.6001	2235.0000	2263.0000	4321.00	2924906496	15300	2249.52	2248.06	2225.2	2208.513	2208.9	2160.572
2016/11/04	2262.0000	2277.8000	2259.6001	2263.3999	3516.00	2392881408	14911	2252.72	2250.96	2229.6	2211.46	2211.01	2162.265
2016/11/07	2270.0000	2274.3999	2260.0000	2269.0000	2919.00	1985139712	14443	2257.96	2251.98	2233.07	2214.187	2213.217	2163.97
2016/11/08	2274.8000	2293.6001	2270.3999	2281.0000	3831.00	2620080640	14299	2263.4	2254.76	2236.92	2217.807	2215.523	2165.722
2016/11/09	2281.3999	2281.8000	2224.6001	2263.8000	5439.00	3687013888	13787	2268.04	2256.66	2240.2	2220.713	2217.387	2167.287
2016/11/10	2279.2000	2295.3999	2279.2000	2287.0000	4226.00	2899810816	12380	2272.84	2261.18	2244.82	2223.96	2219.4	2169.068
2016/11/11	2281.8000	2315.0000	2278.0000	2308.3999	4790.00	3299572480	11931	2281.84	2267.28	2249.93	2228.093	2221.757	2170.99
2016/11/14	2301.6001	2335.0000	2299.0000	2314.8000	5067.00	3522189824	10674	2291	2274.48	2256.36	2233.227	2224.123	2172.983
2016/11/15	2317.2000	2317.2000	2303.2000	2309.0000	3890.00	2694849280	8782	2296.6	2280	2260.78	2237.92	2225.693	2174.985
2016/11/16	2311.2000	2314.8000	2300.3999	2306.2000	4190.00	2899291392	6600	2305.08	2286.56	2265.22	2242.667	2226.127	2176.983
2016/11/17	2304.0000	2313.2000	2293.3999	2311.6001	4086.00	2823021824	3809	2310	2291.42	2269.74	2247.273	2227.01	2178.932
2016/11/18	2315.6001	2324.8000	2305.0000	2313.8000	2547.00	1767620608	0	2311.08	2296.46	2273.71	2251.887	2228.043	2181.012
2016/11/21	2300.0000	2337.2000	2294.3999	2321.6001	4969.00	3460169728	20994	2312.44	2301.72	2276.85	2255.953	2229.307	2183.252
2016/11/22	2325.2000	2343.0000	2325.2000	2343.0000	4387.00	3073715968	20922	2319.24	2307.92	2281.34	2260.587	2230.983	2185.635
2016/11/23	2343.2000	2361.3999	2336.0000	2349.8000	4741.00	3342564608	20947	2327.96	2316.52	2286.59	2265.64	2232.93	2188.073
2016/11/24	2346.6001	2367.8000	2344.3999	2356.0000	4132.00	2918464256	21020	2336.84	2323.42	2292.3	2271.02	2234.947	2190.522
2016/11/25	2359.8000	2392.2000	2345.3999	2390.3999	4553.00	3229769984	20937	2352.16	2331.62	2299.45	2277.16	2237.7	2193.15
2016/11/28	2400.0000	2422.0000	2391.2000	2403.3999	4823.00	3482983424	20547	2368.52	2340.48	2307.48	2284.4	2240.887	2195.312
2016/11/29	2398.0000	2460.3999	2390.6001	2445.0000	5902.00	4289708544	20927	2388.92	2354.08	2317.04	2291.88	2244.787	2197.967
2016/11/30	2435.0000	2451.8000	2415.2000	2419.3999	6482.00	4727319040	20127	2402.84	2365.4	2325.98	2298.613	2248.357	2200.407
2016/12/01	2424.8000	2452.0000	2417.0000	2434.2000	5127.00	3745173504	19843	2418.48	2377.66	2334.54	2305.713	2251.94	2202.835
2016/12/02	2429.8000	2436.3999	2405.0000	2412.6001	5985.00	4348310528	18488	2422.92	2387.54	2342	2311.653	2255.047	2205.192
2016/12/05	2376.8000	2393.0000	2365.0000	2370.2000	5675.00	4050088960	17599	2416.28	2392.4	2347.06	2315.367	2257.69	2207.172
2016/12/06	2376.3999	2381.8000	2365.0000	2366.6001	3966.00	2825275392	16755	2400.6	2394.76	2351.34	2319.147	2260.153	2209.165
2016/12/07	2369.0000	2374.8000	2360.0000	2370.6001	3629.00	2577968896	15911	2390.84	2396.84	2356.68	2323.34	2262.653	2211.748
2016/12/08	2380.0000	2382.0000	2371.3999	2377.0000	3585.00	2555917568	14965	2379.4	2398.94	2361.18	2327.847	2265.103	2214.19
2016/12/09	2376.0000	2417.6001	2366.3999	2407.6001	4988.00	3586180864	14803	2378.4	2400.66	2366.14	2333.187	2267.997	2216.815
2016/12/12	2408.8000	2420.3999	2362.6001	2380.3999	6119.00	4387646464	13099	2380.44	2398.36	2369.42	2337.773	2270.493	2219.213
2016/12/13	2376.6001	2383.6001	2361.2000	2370.2000	5807.00	4136275712	10675	2381.16	2390.88	2372.48	2341.653	2272.917	2221.437
2016/12/14	2370.2000	2386.8000	2358.3999	2358.8000	5503.00	3921602048	7887	2378.8	2384.82	2375.11	2345.593	2275.77	2223.852
2016/12/15	2347.8000	2357.8000	2296.6001	2304.0000	5570.00	3887156480	4462	2364.2	2371.8	2374.73	2346.96	2277.737	2225.812
2016/12/16	2304.0000	2313.6001	2297.2000	2303.6001	3105.00	2147004416	0	2343.4	2360.9	2374.22	2348.3	2279.88	2227.675
2016/12/19	2291.6001	2293.8000	2275.3999	2281.3999	3879.00	2660888064	16694	2323.6	2352.02	2372.21	2348.713	2281.45	2229.402
2016/12/20	2281.0000	2286.8000	2248.8000	2266.8000	4947.00	3362249216	17168	2302.92	2342.04	2368.4	2348.24	2283.023	2231.233
2016/12/21	2275.2000	2296.0000	2270.6001	2290.2000	4511.00	3093242880	17200	2289.2	2334	2365.42	2349.12	2284.917	2233.047
2016/12/22	2285.2000	2290.0000	2270.3999	2278.6001	3425.00	2342711040	17348	2284.12	2324.16	2361.55	2348.84	2286.4	2234.713
2016/12/23	2276.2000	2280.6001	2256.0000	2263.0000	3346.00	2275595520	17333	2276	2309.7	2355.18	2347.327	2287.71	2236.073
2016/12/26	2251.0000	2288.2000	2236.3999	2283.0000	4039.00	2736320768	17680	2276.32	2299.96	2349.16	2346.267	2289.747	2237.592
2016/12/27	2280.0000	2292.3999	2272.2000	2275.0000	3351.00	2293871104	17471	2277.96	2290.44	2340.66	2345.133	2291.527	2239.008
2016/12/28	2275.2000	2279.8000	2260.0000	2268.0000	3605.00	2452832000	17578	2273.52	2281.36	2333.09	2343.86	2293.263	2240.085
2016/12/29	2261.6001	2281.3999	2258.2000	2265.8000	3708.00	2523767808	17758	2270.96	2277.54	2324.67	2342.333	2294.803	2241.087
2016/12/30	2270.6001	2283.8000	2269.0000	2273.3999	3269.00	2231781120	17811	2273.04	2274.52	2317.71	2340.987	2296.437	2242.163
2017/01/03	2279.0000	2311.2000	2274.0000	2299.0000	4262.00	2939122688	17908	2276.24	2276.28	2314.15	2340.233	2298.093	2243.44
2017/01/04	2297.3999	2318.0000	2295.3999	2313.6001	4541.00	3144176640	17889	2283.96	2280.96	2311.5	2339.253	2299.92	2244.905
2017/01/05	2319.2000	2322.3999	2310.2000	2312.8000	3837.00	2665205504	17933	2292.92	2283.22	2308.61	2338.02	2301.83	2246.295
2017/01/06	2314.8000	2318.6001	2303.8000	2303.8000	3254.00	2255928576	17724	2300.52	2285.74	2304.95	2336.28	2303.65	2247.215
2017/01/09	2305.0000	2318.8000	2304.3999	2312.2000	3027.00	2099296128	17526	2308.28	2290.66	2300.18	2333.673	2305.417	2248.217
2017/01/10	2312.2000	2317.3999	2305.2000	2307.3999	3503.00	2428781056	16994	2309.96	2293.1	2296.53	2330.473	2307.437	2249.175
2017/01/11	2310.2000	2315.2000	2296.3999	2298.6001	4037.00	2792540672	16277	2306.96	2295.46	2292.95	2325.593	2308.737	2250.068
2017/01/12	2299.0000	2305.8000	2286.2000	2290.8000	4039.00	2785946880	15610	2302.56	2297.74	2289.55	2321.307	2309.96	2251.013
2017/01/13	2291.2000	2315.0000	2290.2000	2305.0000	4155.00	2868562688	14890	2302.8	2301.66	2289.6	2317	2311.357	2252.222
2017/01/16	2302.0000	2332.8000	2285.0000	2325.2000	6730.00	4650432512	12717	2305.4	2306.84	2290.68	2314.087	2312.87	2253.653
2017/01/17	2321.0000	2332.0000	2320.2000	2325.6001	5711.00	3986417920	9415	2309.04	2309.5	2292.89	2312.6	2313.983	2254.972
2017/01/18	2329.8000	2380.0000	2325.3999	2345.0000	5196.00	3652635392	6615	2318.32	2312.64	2296.8	2311.88	2315.513	2256.635
2017/01/19	2338.6001	2353.8000	2328.6001	2334.0000	4946.00	3477064704	2706	2326.96	2314.76	2298.99	2310.66	2317	2258.182
2017/01/20	2335.3999	2346.8000	2332.0000	2345.0000	2108.00	1479434880	0	2334.96	2318.88	2302.31	2309.593	2318.72	2259.593
2017/01/23	2354.0000	2361.8000	2340.2000	2346.8000	3218.00	2270531072	16059	2339.28	2322.34	2306.5	2307.567	2320.377	2261.208
2017/01/24	2352.0000	2354.8000	2343.8000	2351.2000	3029.00	2134101760	15935	2344.4	2326.72	2309.91	2306.593	2322.183	2262.803
2017/01/25	2345.0000	2358.8000	2342.3999	2358.8000	2997.00	2114199296	15842	2347.16	2332.74	2314.1	2306.213	2323.933	2264.527
2017/01/26	2359.0000	2374.8000	2359.0000	2365.0000	2974.00	2111428864	15764	2353.36	2340.16	2318.95	2306.42	2326.007	2266.42
2017/02/03	2370.8000	2371.2000	2337.6001	2342.0000	3015.00	2125865216	15958	2352.76	2343.86	2322.76	2307.687	2327.323	2268.112
2017/02/06	2347.0000	2351.6001	2334.6001	2341.8000	3548.00	2494686976	15427	2351.76	2345.52	2326.18	2308.96	2328.63	2269.82
2017/02/07	2341.8000	2346.0000	2329.6001	2333.8000	3128.00	2192786688	14986	2348.28	2346.34	2327.92	2310.707	2329.71	2271.463
2017/02/08	2332.2000	2344.8000	2320.0000	2344.0000	3806.00	2663192064	14614	2345.32	2346.24	2329.44	2313.28	2330.76	2273.142
2017/02/09	2343.6001	2364.0000	2340.8000	2351.2000	3899.00	2752169728	14158	2342.56	2347.96	2331.36	2315.313	2332.217	2274.802
2017/02/10	2357.6001	2370.3999	2356.8000	2363.0000	4591.00	3254112256	13195	2346.76	2349.76	2334.32	2318.127	2333.483	2276.442
2017/02/13	2366.6001	2377.8000	2366.2000	2371.8000	4805.00	3419491840	11411	2352.76	2352.26	2337.3	2321.753	2334.54	2278.148
2017/02/14	2374.2000	2374.8000	2365.2000	2368.0000	4276.00	3038816000	8859	2359.6	2353.94	2340.33	2324.587	2335.427	2279.775
2017/02/15	2372.0000	2380.8000	2366.2000	2366.6001	5026.00	3580984832	6082	2364.12	2354.72	2343.73	2327.64	2336.387	2281.04
2017/02/16	2372.2000	2375.8000	2363.8000	2372.2000	3986.00	2833044480	3015	2368.32	2355.44	2347.8	2331.113	2337.487	2281.807
2017/02/17	2375.8000	2386.2000	2365.0000	2368.8000	2628.00	1873151488	0	2369.48	2358.12	2350.99	2334.547	2338.44	2282.725
2017/02/20	2358.0000	2393.2000	2358.0000	2393.2000	7272.00	5187842560	25318	2373.76	2363.26	2354.39	2338.54	2339.763	2283.903
2017/02/21	2395.6001	2405.6001	2386.3999	2388.6001	6566.00	4717563392	24874	2377.88	2368.74	2357.54	2341.527	2340.88	2285.093
2017/02/22	2388.0000	2393.0000	2383.2000	2391.6001	4877.00	3493829888	24517	2382.88	2373.5	2359.87	2344.127	2341.69	2286.337
2017/02/23	2392.0000	2397.0000	2375.2000	2380.8000	5862.00	4193874688	25025	2384.6	2376.46	2362.21	2346.393	2342.207	2287.568
2017/02/24	2376.6001	2383.8000	2371.0000	2382.2000	5289.00	3772680960	25022	2387.28	2378.38	2364.07	2349.007	2342.643	2288.795
2017/02/27	2384.0000	2384.0000	2359.0000	2365.8000	5194.00	3696226560	25406	2381.8	2377.78	2365.02	2350.793	2342.233	2289.967
2017/02/28	2365.8000	2375.8000	2358.0000	2362.2000	4700.00	3336004608	25483	2376.52	2377.2	2365.57	2352.62	2341.547	2291.217
2017/03/01	2366.2000	2378.8000	2362.6001	2364.0000	5713.00	4062447360	25432	2371	2376.94	2365.83	2354.8	2340.197	2292.492
2017/03/02	2371.2000	2377.0000	2345.8000	2347.2000	5731.00	4061241856	25391	2364.28	2374.44	2364.94	2356.68	2338.993	2293.675
2017/03/03	2346.0000	2346.8000	2333.3999	2337.6001	5485.00	3848440832	25509	2355.36	2371.32	2364.72	2357.767	2337.383	2294.662
2017/03/06	2339.8000	2349.3999	2335.3999	2341.8000	5325.00	3740699392	25321	2350.56	2366.18	2364.72	2358.32	2336.203	2295.625
2017/03/07	2342.6001	2351.6001	2338.8000	2347.2000	4516.00	3175354624	24838	2347.56	2362.04	2365.39	2359.04	2335.82	2296.755
2017/03/08	2343.2000	2356.8000	2343.2000	2350.6001	4996.00	3522742784	24141	2344.88	2357.94	2365.72	2359.227	2335.553	2297.853
2017/03/09	2345.0000	2346.8000	2324.3999	2335.6001	6458.00	4522753024	23187	2342.56	2353.42	2364.94	2359.28	2334.97	2298.812
2017/03/10	2334.0000	2339.0000	2330.2000	2330.6001	5979.00	4187131904	20978	2341.16	2348.26	2363.32	2358.8	2334.197	2299.65
2017/03/13	2331.8000	2353.6001	2321.0000	2353.3999	8926.00	6267473920	17372	2343.48	2347.02	2362.4	2359.02	2333.293	2300.645
2017/03/14	2351.2000	2356.8000	2128.6001	2349.0000	6689.00	4718055936	13847	2343.84	2345.7	2361.45	2358.947	2332.77	2301.632
2017/03/15	2343.3999	2355.0000	2342.0000	2350.2000	7430.00	5235537408	9733	2343.76	2344.32	2360.63	2358.66	2332.437	2302.677
2017/03/16	2363.2000	2380.6001	2361.0000	2368.8000	7057.00	5016363008	4315	2350.4	2346.48	2360.46	2358.787	2332.603	2304.187
2017/03/17	2373.2000	2373.6001	2356.3999	2356.8000	3602.00	2557110272	0	2355.64	2348.4	2359.86	2359.28	2333.483	2305.61
2017/03/20	2344.8000	2346.8000	2331.3999	2340.2000	5383.00	3778770432	24570	2353	2348.24	2357.21	2359.227	2334.093	2306.987
2017/03/21	2342.3999	2349.2000	2338.2000	2346.2000	5806.00	4082413312	24336	2352.44	2348.14	2355.09	2359.64	2335.173	2308.312
2017/03/22	2340.0000	2344.8000	2322.2000	2331.8000	6590.00	4611493888	24473	2348.76	2346.26	2352.1	2359.233	2336.257	2309.64
2017/03/23	2335.3999	2350.6001	2330.2000	2338.8000	7312.00	5135884288	23900	2342.76	2346.58	2350	2358.82	2337.067	2310.992
2017/03/24	2343.2000	2374.6001	2339.0000	2364.8000	7696.00	5429675008	23580	2344.36	2350	2349.13	2358.88	2338.503	2312.452
2017/03/27	2362.2000	2378.0000	2354.6001	2356.6001	7243.00	5140587008	22471	2347.64	2350.32	2348.67	2358.373	2340.063	2313.887
2017/03/28	2366.2000	2367.0000	2350.6001	2352.6001	5318.00	3762119936	21898	2348.92	2350.68	2348.19	2357.86	2341.223	2315.485
2017/03/29	2358.8000	2362.8000	2347.2000	2356.3999	5697.00	4025790208	21857	2353.84	2351.3	2347.81	2357.52	2342.58	2317.053
2017/03/30	2353.2000	2357.2000	2338.2000	2344.8000	6933.00	4880699392	21220	2355.04	2348.9	2347.69	2356.607	2343.86	2318.562
2017/03/31	2344.2000	2359.8000	2341.8000	2357.6001	5620.00	3963503104	20133	2353.6	2348.98	2348.69	2356.233	2345.39	2320.097
2017/04/05	2378.0000	2385.0000	2365.0000	2384.2000	6831.00	4871863808	20214	2359.12	2353.38	2350.81	2355.933	2347.237	2321.837
2017/04/06	2383.8000	2389.8000	2372.2000	2384.0000	5424.00	3875082496	20047	2365.4	2357.16	2352.65	2355.78	2348.653	2323.373
2017/04/07	2382.6001	2389.3999	2374.3999	2382.3999	5405.00	3861679872	19413	2370.6	2362.22	2354.24	2355.473	2349.8	2324.86
2017/04/10	2384.0000	2388.0000	2376.0000	2377.3999	4771.00	3407593728	18466	2377.12	2366.08	2356.33	2355.36	2350.877	2326.353
2017/04/11	2375.3999	2382.6001	2351.3999	2374.0000	8132.00	5779046400	17769	2380.4	2367	2358.5	2355.087	2352.047	2327.848
2017/04/12	2376.8000	2382.0000	2360.2000	2369.6001	6130.00	4364303360	16796	2377.48	2368.3	2359.31	2355.213	2353.003	2329.21
2017/04/13	2367.3999	2375.6001	2363.8000	2367.3999	5378.00	3822679808	16149	2374.16	2369.78	2360.23	2355.387	2354.003	2330.72
2017/04/14	2369.2000	2369.2000	2346.2000	2349.8000	6051.00	4279116032	15690	2367.64	2369.12	2360.21	2354.913	2354.857	2331.797
2017/04/17	2343.8000	2354.6001	2338.3999	2352.8000	7722.00	5431858688	13350	2362.72	2369.92	2359.41	2355.1	2355.89	2332.925
2017/04/18	2352.6001	2352.6001	2336.3999	2338.0000	6953.00	4893225472	10063	2355.52	2367.96	2358.47	2355.113	2356.44	2333.898
2017/04/19	2332.0000	2336.3999	2314.0000	2321.8000	6603.00	4606984704	7687	2345.96	2361.72	2357.55	2354.447	2356.383	2334.627
2017/04/20	2323.3999	2336.8000	2321.2000	2332.6001	5414.00	3779010560	3492	2339	2356.58	2356.87	2353.96	2356.5	2335.242
2017/04/21	2332.6001	2343.6001	2332.2000	2339.8000	2941.00	2063886080	0	2337	2352.32	2357.27	2353.6	2356.413	2335.963
2017/04/24	2333.3999	2334.6001	2316.6001	2326.0000	6341.00	4420699136	17476	2331.64	2347.18	2356.63	2353.28	2356.28	2336.64
2017/04/25	2328.0000	2337.3999	2328.0000	2334.8000	5176.00	3623768320	16850	2331	2343.26	2355.13	2353.42	2356.11	2337.415
2017/04/26	2338.0000	2348.8000	2333.0000	2334.8000	5841.00	4101724672	16877	2333.6	2339.78	2354.04	2352.8	2355.91	2338.143
2017/04/27	2331.8000	2343.0000	2322.2000	2340.6001	6079.00	4253472768	16675	2335.2	2337.1	2353.44	2352.52	2355.733	2338.958
2017/04/28	2343.3999	2343.3999	2328.2000	2336.0000	4795.00	3358594048	16301	2334.44	2335.72	2352.42	2352.047	2355.353	2339.643
2017/05/02	2338.0000	2342.0000	2328.2000	2328.6001	3993.00	2797596160	15899	2334.96	2333.3	2351.61	2350.707	2354.747	2340.377
2017/05/03	2330.8000	2337.0000	2321.8000	2323.6001	4775.00	3336247040	16127	2332.72	2331.86	2349.91	2349.6	2354.44	2340.882
2017/05/04	2321.8000	2329.3999	2314.8000	2316.2000	5082.00	3537609216	16159	2329	2331.3	2346.51	2348.8	2354.013	2341.322
2017/05/05	2316.6001	2317.6001	2294.2000	2309.3999	6257.00	4329112064	16471	2322.76	2328.98	2342.78	2347.573	2353.607	2341.658
2017/05/08	2307.3999	2316.2000	2296.3999	2313.2000	6047.00	4186776064	15513	2318.2	2326.32	2339.32	2346.953	2353.093	2341.927
2017/05/09	2312.8000	2318.0000	2307.2000	2313.6001	5364.00	3722595840	15172	2315.2	2325.08	2336.13	2346.113	2352.467	2342.342
2017/05/10	2316.2000	2330.3999	2316.2000	2320.6001	6434.00	4484517376	14535	2314.6	2323.66	2333.46	2344.64	2351.76	2342.622
2017/05/11	2317.8000	2335.8000	2316.0000	2334.0000	6882.00	4807405056	14231	2318.16	2323.58	2331.68	2343.887	2351.13	2342.835
2017/05/12	2333.8000	2369.3999	2332.0000	2365.8000	7890.00	5573825536	13459	2329.44	2326.1	2331.6	2344.327	2351.093	2343.26
2017/05/15	2375.0000	2387.6001	2371.8000	2372.8000	6606.00	4714602496	12137	2341.36	2329.78	2332.75	2344.873	2351.197	2343.792
2017/05/16	2371.0000	2380.2000	2362.2000	2379.8000	6385.00	4539863040	10075	2354.6	2334.9	2334.1	2346.04	2351.323	2344.405
2017/05/17	2376.8000	2378.6001	2362.0000	2362.8000	5793.00	4116576256	6879	2363.04	2338.82	2335.34	2346.213	2351.223	2344.832
2017/05/18	2348.0000	2361.8000	2348.0000	2353.6001	5124.00	3622203392	3513	2366.96	2342.56	2336.93	2345.193	2350.563	2345.163
2017/05/19	2353.3999	2362.0000	2352.2000	2360.0000	2937.00	2078242432	0	2365.8	2347.62	2338.3	2344.393	2350.087	2345.483
2017/05/22	2347.2000	2372.6001	2346.3999	2365.8000	6295.00	4459755008	19957	2364.4	2352.88	2339.6	2343.84	2349.657	2345.673
2017/05/23	2367.6001	2398.0000	2364.2000	2394.3999	7269.00	5199278592	20693	2367.32	2360.96	2343.02	2344.407	2349.883	2346.045
2017/05/24	2390.2000	2400.0000	2371.2000	2391.3999	8593.00	6149774336	20108	2373.04	2368.04	2345.85	2344.987	2350.037	2346.34
2017/05/25	2390.8000	2469.0000	2390.8000	2468.3999	10272.00	7500500480	20767	2396	2381.48	2352.53	2348.28	2351.747	2346.99
2017/05/26	2463.0000	2478.3999	2450.0000	2464.3999	8788.00	6499003904	19604	2416.88	2391.34	2358.72	2351.513	2353.45	2347.498
2017/05/31	2476.6001	2504.8000	2453.3999	2473.0000	8384.00	6226975232	19544	2438.32	2401.36	2365.57	2355.62	2355.267	2347.732
2017/06/01	2473.0000	2492.8000	2461.0000	2492.2000	7525.00	5593417216	19215	2457.88	2412.6	2373.75	2360.267	2357.683	2348.338
2017/06/02	2493.0000	2498.2000	2466.6001	2469.6001	7604.00	5659132416	18509	2473.52	2423.28	2381.05	2364.653	2359.883	2348.633
2017/06/05	2466.6001	2470.8000	2438.0000	2440.2000	7461.00	5476794880	17537	2467.88	2431.94	2387.25	2368.6	2361.523	2348.863
2017/06/06	2442.3999	2463.8000	2439.2000	2457.6001	7466.00	5489242624	17281	2466.52	2441.7	2394.66	2372.767	2363.363	2349.592
2017/06/07	2461.2000	2487.0000	2456.6001	2478.0000	8124.00	6033353728	16857	2467.52	2452.92	2402.9	2377.373	2365.487	2350.52
2017/06/08	2475.0000	2508.6001	2467.2000	2502.3999	8938.00	6656001536	16090	2469.56	2463.72	2412.34	2383.253	2368.267	2351.618
2017/06/09	2505.6001	2532.0000	2501.0000	2514.6001	8565.00	6467959296	15231	2478.56	2476.04	2422.04	2389.247	2371.333	2352.765
2017/06/12	2511.0000	2536.6001	2503.2000	2508.8000	8966.00	6773235712	13691	2492.28	2480.08	2430.78	2395.047	2373.923	2353.608
2017/06/13	2512.0000	2512.0000	2485.8000	2507.0000	8115.00	6087096832	11480	2502.16	2484.34	2437.84	2400.593	2376.557	2354.663
2017/06/14	2502.0000	2504.0000	2471.8000	2474.8000	7956.00	5932848640	8116	2501.52	2484.52	2442.94	2405.22	2378.633	2355.535
2017/06/15	2478.2000	2484.2000	2454.8000	2458.0000	6359.00	4700524032	4577	2492.64	2481.1	2446.85	2409.533	2380.12	2356.362
2017/06/16	2458.6001	2471.0000	2456.3999	2457.0000	4129.00	3049272320	0	2481.12	2479.84	2451.56	2413.98	2381.79	2357.637
2017/06/19	2438.0000	2470.6001	2430.3999	2468.8000	8859.00	6528745984	17430	2473.12	2482.7	2457.32	2419.067	2383.933	2359.013
2017/06/20	2474.8000	2478.8000	2448.2000	2454.3999	7846.00	5786521088	17118	2462.6	2482.38	2462.04	2423.9	2385.737	2360.455
2017/06/21	2464.6001	2481.0000	2443.8000	2480.2000	9271.00	6853325824	17725	2463.68	2482.6	2467.76	2429.467	2388.21	2362.233
2017/06/22	2474.8000	2525.0000	2474.6001	2489.3999	11407.00	8549846528	18477	2469.96	2481.3	2472.51	2435.327	2390.72	2363.893
2017/06/23	2493.8000	2517.3999	2473.8000	2515.8000	11037.00	8249789952	17836	2481.72	2481.42	2478.73	2441.833	2393.237	2365.87
2017/06/26	2516.6001	2541.3999	2513.8000	2525.3999	9638.00	7309408256	17986	2493.04	2483.08	2481.58	2448.213	2396.05	2368.057
2017/06/27	2524.8000	2540.0000	2509.2000	2535.6001	8727.00	6603959296	17681	2509.28	2485.94	2485.14	2453.873	2399.1	2370.162
2017/06/28	2529.0000	2540.8000	2513.8000	2515.2000	8596.00	6515198464	17946	2516.28	2489.98	2487.25	2458.62	2401.747	2372.163
2017/06/29	2524.6001	2536.8000	2511.6001	2532.0000	8631.00	6538219520	17747	2524.8	2497.38	2489.24	2463.693	2404.867	2374.363
2017/06/30	2519.3999	2532.8000	2517.0000	2524.0000	7383.00	5589697024	17173	2526.44	2504.08	2491.96	2469.067	2407.64	2376.515
2017/07/03	2528.3999	2528.6001	2500.8000	2509.0000	8009.00	6035949056	17154	2523.16	2508.1	2495.4	2474.247	2409.72	2378.478
2017/07/04	2510.0000	2510.0000	2481.8000	2482.6001	8542.00	6389078016	17130	2512.56	2510.92	2496.65	2478.333	2411.363	2380.008
2017/07/05	2487.0000	2533.0000	2484.0000	2532.0000	8803.00	6622838784	17140	2515.92	2516.1	2499.35	2483.873	2413.857	2381.828
2017/07/06	2526.8000	2544.8000	2512.0000	2531.3999	9254.00	7010938368	17293	2515.8	2520.3	2500.8	2488.44	2416.423	2383.65
2017/07/07	2528.0000	2532.0000	2515.2000	2523.3999	7886.00	5968577536	16738	2515.68	2521.06	2501.24	2492.84	2418.913	2385.48
2017/07/10	2518.2000	2542.8000	2516.2000	2536.2000	7488.00	5691687936	16592	2521.12	2522.14	2502.61	2495.1	2421.69	2387.347
2017/07/11	2537.0000	2586.6001	2533.0000	2567.0000	9687.00	7441041408	17359	2538	2525.28	2505.61	2498.52	2425.017	2389.51
2017/07/12	2566.6001	2594.3999	2544.2000	2554.3999	12079.00	9320681472	16514	2542.48	2529.2	2509.59	2501.233	2428.427	2391.642
2017/07/13	2565.6001	2598.3999	2558.2000	2597.6001	10111.00	7826184192	16115	2555.72	2535.76	2516.57	2504.747	2432.507	2394.198
2017/07/14	2601.8000	2626.6001	2590.2000	2626.2000	9250.00	7227507200	15404	2576.28	2545.98	2525.03	2509.967	2437.31	2396.875
2017/07/17	2633.0000	2664.6001	2601.6001	2630.8000	11279.00	8908980224	15027	2595.2	2558.16	2533.13	2516.32	2442.46	2399.422
2017/07/18	2628.6001	2642.0000	2599.0000	2619.2000	10275.00	8081389568	12263	2605.64	2571.82	2541.37	2521.707	2447.237	2401.868
2017/07/19	2625.0000	2663.6001	2619.6001	2663.2000	9613.00	7618305536	9551	2627.4	2584.94	2550.52	2527.88	2452.627	2404.52
2017/07/20	2662.8000	2672.6001	2647.0000	2670.0000	7540.00	6012456960	4591	2641.88	2598.8	2559.55	2533.467	2458.36	2407.32
2017/07/21	2664.2000	2664.6001	2646.2000	2648.2000	3648.00	2904566784	0	2646.28	2611.28	2566.17	2537.92	2463.583	2409.847
2017/07/24	2642.0000	2671.3999	2634.0000	2663.0000	9592.00	7644545536	15069	2652.72	2623.96	2573.05	2543.06	2469.053	2412.482
2017/07/25	2662.0000	2671.3999	2640.2000	2642.8000	9722.00	7745036800	14631	2657.44	2631.54	2578.41	2547.587	2474.09	2414.912
2017/07/26	2646.0000	2663.6001	2618.8000	2632.0000	10973.00	8685938688	14849	2651.2	2639.3	2584.25	2552.827	2479.023	2417.188
2017/07/27	2630.6001	2641.0000	2613.8000	2633.0000	9280.00	7313069056	14572	2643.8	2642.84	2589.3	2558.66	2484.097	2419.422
2017/07/28	2628.0000	2643.0000	2620.3999	2635.6001	7696.00	6078539264	14037	2641.28	2643.78	2594.88	2564.613	2489.297	2421.868
2017/07/31	2638.8000	2648.3999	2625.3999	2638.6001	7321.00	5795735040	14237	2636.4	2644.56	2601.36	2570.273	2494.67	2424.342
2017/08/01	2646.6001	2682.6001	2638.0000	2682.0000	9629.00	7694401536	14798	2644.24	2650.84	2611.33	2577.86	2500.88	2427.243
2017/08/02	2683.0000	2698.2000	2679.6001	2686.8000	8761.00	7064650240	14681	2655.2	2653.2	2619.07	2584.747	2507.107	2430.1
2017/08/03	2685.8000	2695.6001	2644.2000	2646.2000	9551.00	7651009536	14548	2657.84	2650.82	2624.81	2589.973	2512.65	2432.558
2017/08/04	2650.0000	2657.3999	2626.0000	2626.6001	8246.00	6541400576	14155	2656.04	2648.66	2629.97	2593.667	2517.75	2434.755
2017/08/07	2631.3999	2644.8000	2614.2000	2635.6001	7867.00	6207190016	13896	2655.44	2645.92	2634.94	2597.34	2522.777	2436.953
2017/08/08	2637.0000	2642.6001	2621.3999	2636.8000	7448.00	5882039808	13992	2646.4	2645.32	2638.43	2600.713	2527.293	2439.193
2017/08/09	2630.3999	2635.2000	2616.0000	2617.6001	7454.00	5873954304	13706	2632.56	2643.88	2641.59	2604.127	2531.373	2441.285
2017/08/10	2618.3999	2635.6001	2588.2000	2607.2000	10122.00	7935232512	13483	2624.76	2641.3	2642.07	2606.633	2535.163	2443.243
2017/08/11	2596.6001	2602.2000	2561.3999	2563.8000	9822.00	7609862144	12869	2612.2	2634.12	2638.95	2607.96	2538.513	2444.868
2017/08/14	2570.0000	2595.3999	2565.3999	2586.6001	8441.00	6530458624	10972	2602.4	2628.92	2636.74	2610.547	2542.397	2446.48
2017/08/15	2591.8000	2619.0000	2589.0000	2605.0000	8120.00	6353747456	9341	2596.04	2621.22	2636.03	2614.627	2546.48	2448.283
2017/08/16	2599.8000	2600.0000	2583.2000	2591.2000	6747.00	5245580288	6876	2590.76	2611.66	2632.43	2616.6	2550.237	2449.947
2017/08/17	2600.0000	2608.8000	2589.3999	2602.3999	5092.00	3971095808	3817	2589.8	2607.28	2629.05	2618.967	2553.703	2451.793
2017/08/18	2598.8000	2618.0000	2594.6001	2615.0000	2926.00	2285167872	0	2600.04	2606.12	2627.39	2622.02	2557.43	2453.733
2017/08/21	2622.0000	2638.2000	2612.0000	2617.3999	7834.00	6160555008	17270	2606.2	2604.3	2625.11	2624.727	2559.913	2455.83
2017/08/22	2626.0000	2646.3999	2618.6001	2645.2000	8274.00	6533984768	17323	2614.24	2605.14	2625.23	2627.333	2562.927	2458.188
2017/08/23	2645.2000	2678.0000	2643.2000	2664.2000	8709.00	6949682176	17741	2628.84	2609.8	2626.84	2630.993	2566.113	2460.69
2017/08/24	2664.0000	2678.0000	2646.2000	2653.0000	8063.00	6432345088	17609	2638.96	2614.38	2627.84	2632.84	2568.793	2463.238
2017/08/25	2652.0000	2718.8000	2650.2000	2714.8000	10867.00	8766869504	18802	2658.92	2629.48	2631.8	2635.793	2572.88	2466.382
2017/08/28	2728.0000	2775.2000	2723.3999	2744.8000	11249.00	9278789632	18729	2684.4	2645.3	2637.11	2639.593	2577.957	2469.74
2017/08/29	2740.6001	2753.2000	2732.8000	2747.3999	7882.00	6489754624	18239	2704.84	2659.54	2640.38	2643.867	2582.787	2473.075
2017/08/30	2750.8000	2771.8000	2727.2000	2731.6001	8977.00	7405648896	18454	2718.32	2673.58	2642.62	2646.147	2587.013	2476.25
2017/08/31	2736.0000	2743.3999	2714.0000	2724.8000	9212.00	7532898304	18257	2732.68	2685.82	2646.55	2647.973	2590.72	2479.493
2017/09/01	2728.8000	2744.8000	2708.3999	2717.2000	8396.00	6872511488	18154	2733.16	2696.04	2651.08	2650.273	2594.097	2482.715
2017/09/04	2716.6001	2722.6001	2701.6001	2717.6001	7670.00	6241665536	17816	2727.72	2706.06	2655.18	2652.093	2597.577	2485.75
2017/09/05	2721.2000	2747.2000	2716.6001	2732.3999	8419.00	6901125120	17746	2724.72	2714.78	2659.96	2655.08	2601.333	2488.945
2017/09/06	2730.8000	2731.8000	2710.2000	2715.8000	7929.00	6469238272	17674	2721.56	2719.94	2664.87	2657.873	2605.35	2491.992
2017/09/07	2723.0000	2727.2000	2693.0000	2694.3999	7945.00	6458837504	17241	2715.48	2724.08	2669.23	2659.92	2609.29	2494.705
2017/09/08	2699.8000	2707.2000	2682.6001	2688.8000	7574.00	6123496960	16253	2709.8	2721.48	2675.48	2661.693	2613.153	2497.472
2017/09/11	2699.0000	2716.0000	2678.0000	2684.3999	8894.00	7194408960	15423	2703.16	2715.44	2680.37	2663.22	2616.747	2500.34
2017/09/12	2690.3999	2701.6001	2678.8000	2699.6001	9286.00	7491225600	13282	2696.6	2710.66	2685.1	2663.807	2620.833	2503.285
2017/09/13	2699.8000	2699.8000	2682.2000	2689.2000	7699.00	6218109952	10484	2691.28	2706.42	2690	2663.887	2624.317	2506.263
2017/09/14	2692.8000	2697.8000	2665.0000	2672.3999	7394.00	5949037056	6040	2686.88	2701.18	2693.5	2664.76	2627.367	2509.043
2017/09/15	2669.8000	2678.8000	2662.0000	2669.0000	4949.00	3963384832	0	2682.92	2696.36	2696.2	2666.173	2629.92	2511.578
2017/09/18	2686.0000	2708.6001	2685.8000	2688.8000	8430.00	6817423360	15332	2683.8	2693.48	2699.77	2667.947	2632.643	2514.347
2017/09/19	2693.0000	2700.0000	2669.3999	2677.2000	8952.00	7206673920	16214	2679.32	2687.96	2701.37	2669.293	2635.003	2517.052
2017/09/20	2676.3999	2686.0000	2669.8000	2675.2000	8201.00	6588196864	16241	2676.52	2683.9	2701.92	2671.213	2637.67	2519.708
2017/09/21	2674.2000	2702.8000	2670.2000	2686.2000	9419.00	7590097408	16667	2679.28	2683.08	2703.58	2673.847	2640.24	2522.553
2017/09/22	2678.8000	2696.2000	2670.8000	2684.2000	8849.00	7120578048	16825	2682.32	2682.62	2702.05	2677.86	2642.91	2525.275
2017/09/25	2682.0000	2689.6001	2672.8000	2682.2000	7739.00	6224811520	16502	2681	2682.4	2698.92	2681.047	2645.797	2527.758
2017/09/26	2680.0000	2689.6001	2679.2000	2684.8000	5816.00	4685774848	15880	2682.52	2680.92	2695.79	2683.707	2649.167	2530.265
2017/09/27	2684.8000	2685.6001	2665.8000	2667.8000	6816.00	5473211904	16314	2681.04	2678.78	2692.6	2686.26	2651.43	2532.643
2017/09/28	2671.0000	2673.6001	2658.3999	2672.0000	6203.00	4961108480	15772	2678.2	2678.74	2689.96	2688.58	2653.773	2535.098
2017/09/29	2675.0000	2693.0000	2673.2000	2682.8000	7164.00	5769088000	15723	2677.92	2680.12	2688.24	2690.84	2656.43	2537.672
2017/10/09	2748.0000	2749.8000	2695.2000	2701.2000	8954.00	7319625728	16390	2681.72	2681.36	2687.42	2693.633	2659.18	2540.435
2017/10/10	2705.8000	2717.2000	2684.0000	2698.6001	8867.00	7175425536	16821	2684.48	2683.5	2685.73	2695.413	2661.373	2543.195
2017/10/11	2706.3999	2718.3999	2700.0000	2711.6001	8129.00	6605296128	16520	2693.24	2687.14	2685.52	2696.993	2663.993	2546.21
2017/10/12	2711.3999	2727.2000	2704.0000	2720.8000	7205.00	5867210752	15729	2703	2690.6	2686.84	2699.253	2666.047	2549.277
2017/10/13	2718.2000	2724.3999	2714.3999	2721.8000	6044.00	4931837440	15043	2710.8	2694.36	2688.49	2699.487	2667.64	2552.475
2017/10/16	2728.0000	2741.0000	2721.8000	2728.8000	8396.00	6882177024	13548	2716.32	2699.02	2690.71	2698.953	2669.273	2555.867
2017/10/17	2730.0000	2736.8000	2723.0000	2726.8000	6888.00	5641238528	11919	2721.96	2703.22	2692.07	2698.267	2671.067	2559.152
2017/10/18	2731.6001	2749.6001	2727.2000	2748.2000	8188.00	6722534912	8590	2729.28	2711.26	2695.02	2698.82	2672.483	2562.555
2017/10/19	2752.0000	2753.6001	2745.2000	2749.3999	5967.00	4921281536	4555	2735	2719	2698.87	2699.64	2673.807	2566.083
2017/10/20	2740.0000	2745.0000	2736.6001	2740.3999	3429.00	2819800064	0	2738.72	2724.76	2702.44	2700.413	2675.343	2569.463
2017/10/23	2750.2000	2750.3999	2732.6001	2742.6001	5407.00	4444519936	12743	2741.48	2728.9	2705.13	2701.247	2676.67	2572.862
2017/10/24	2739.6001	2763.8000	2737.3999	2754.0000	7988.00	6598943744	13831	2746.92	2734.44	2708.97	2701.967	2678.523	2576.307
2017/10/25	2755.0000	2759.3999	2747.6001	2753.3999	6441.00	5321332736	13386	2747.96	2738.62	2712.88	2703.22	2680.547	2579.785
2017/10/26	2756.6001	2790.0000	2751.3999	2781.6001	8434.00	7023810560	14333	2754.4	2744.7	2717.65	2706.127	2683.023	2583.56
2017/10/27	2782.0000	2822.3999	2778.6001	2821.3999	8411.00	7067940352	14764	2770.6	2754.66	2724.51	2710.547	2686.12	2587.708
2017/10/30	2820.0000	2829.3999	2787.3999	2801.0000	11086.00	9328960512	15038	2782.28	2761.88	2730.45	2714.433	2688.827	2591.748
2017/10/31	2797.8000	2799.8000	2787.6001	2797.8000	6752.00	5658700288	13629	2791.04	2768.98	2736.1	2717.707	2690.757	2595.818
2017/11/01	2803.2000	2819.8000	2785.6001	2791.6001	8714.00	7331216896	13973	2798.68	2773.32	2742.29	2721.12	2692.503	2599.805
2017/11/02	2797.0000	2798.6001	2780.2000	2797.6001	7551.00	6315886592	13580	2801.88	2778.14	2748.57	2725.293	2695.027	2603.838
2017/11/03	2797.0000	2801.0000	2775.8000	2795.0000	8432.00	7053514240	14243	2796.6	2783.6	2754.18	2729.493	2697.833	2607.792
2017/11/06	2796.0000	2797.8000	2779.8000	2795.0000	7452.00	6234728448	13007	2795.4	2788.84	2758.87	2733.033	2700.49	2611.633
2017/11/07	2799.0000	2833.8000	2796.8000	2826.6001	8651.00	7316994048	13634	2801.16	2796.1	2765.27	2738.013	2703.653	2615.473
2017/11/08	2827.8000	2849.2000	2818.0000	2823.0000	8696.00	7385593856	13213	2807.44	2803.06	2770.84	2742.94	2707.077	2619.225
2017/11/09	2822.3999	2837.0000	2816.2000	2836.0000	6978.00	5914359296	12683	2815.12	2808.5	2776.6	2747.933	2710.89	2623.027
2017/11/10	2834.0000	2871.8000	2829.2000	2866.2000	8345.00	7130066944	12622	2829.36	2812.98	2783.82	2754	2715.93	2627.222
2017/11/13	2873.6001	2888.8000	2870.3999	2876.6001	7573.00	6540712448	11162	2845.68	2820.54	2791.21	2760.48	2720.763	2631.58
2017/11/14	2881.8000	2883.6001	2860.3999	2862.8000	8236.00	7088454144	9718	2852.92	2827.04	2798.01	2766.413	2725.06	2635.77
2017/11/15	2851.6001	2866.2000	2846.6001	2848.0000	7365.00	6306913280	7360	2857.92	2832.68	2803	2772.42	2729.34	2639.788
2017/11/16	2844.6001	2881.8000	2842.0000	2879.6001	6167.00	5298392576	3926	2866.64	2840.88	2809.51	2779.34	2733.96	2643.832
2017/11/17	2875.6001	2906.2000	2872.8000	2905.8000	3180.00	2756619776	0	2874.56	2851.96	2817.78	2786.773	2738.807	2648.118
2017/11/20	2924.2000	2946.6001	2902.8000	2945.3999	11444.00	10039591936	18460	2888.32	2867	2827.92	2794.913	2744.273	2652.093
2017/11/21	2939.2000	3024.2000	2937.0000	3000.2000	12533.00	11230267392	19482	2915.8	2884.36	2840.23	2804.967	2750.19	2656.558
2017/11/22	3016.2000	3048.6001	3000.0000	3019.3999	12469.00	11314374656	19775	2950.08	2904	2853.53	2815.227	2756.11	2661.112
2017/11/23	3013.0000	3030.8000	2915.0000	2940.3999	14855.00	13326779392	20324	2962.24	2914.44	2861.47	2822.547	2760.9	2664.847
2017/11/24	2950.3999	2958.2000	2917.2000	2940.0000	12313.00	10856658944	19372	2969.08	2921.82	2867.4	2829.82	2764.653	2668.767
2017/11/27	2938.0000	2939.3999	2891.0000	2914.8000	13084.00	11425254400	18327	2962.96	2925.64	2873.09	2836.02	2767.487	2672.722
2017/11/28	2909.3999	2915.0000	2882.6001	2899.2000	10250.00	8922350592	18140	2942.76	2929.28	2878.16	2841.767	2770.017	2676.402
2017/11/29	2912.3999	2923.0000	2862.2000	2893.2000	11989.00	10396005376	19119	2917.52	2933.8	2883.24	2846.6	2772.71	2679.862
2017/11/30	2885.2000	2904.6001	2854.0000	2857.6001	12160.00	10503993344	18374	2900.96	2931.6	2886.24	2850.207	2774.923	2682.822
2017/12/01	2864.6001	2869.8000	2833.8000	2840.3999	11581.00	9906216960	17742	2881.04	2925.06	2888.51	2853.54	2776.977	2685.537
2017/12/04	2831.3999	2873.0000	2823.3999	2858.8000	11211.00	9599637504	16916	2869.84	2916.4	2891.7	2857.413	2779.33	2688.453
2017/12/05	2850.0000	2919.0000	2846.2000	2906.0000	12648.00	10963723264	16592	2871.2	2906.98	2895.67	2862.48	2782.223	2691.778
2017/12/06	2902.6001	2902.6001	2841.6001	2867.3999	12403.00	10711673856	16413	2866.04	2891.78	2897.89	2866.28	2784.75	2695.05
2017/12/07	2869.8000	2880.3999	2826.8000	2842.2000	11797.00	10091425792	15692	2862.96	2881.96	2898.2	2868.3	2787.213	2698.252
2017/12/08	2845.6001	2878.6001	2834.3999	2867.0000	11072.00	9487009792	14801	2868.28	2874.66	2898.24	2869.82	2790.183	2701.668
2017/12/11	2870.0000	2901.3999	2861.0000	2901.3999	9720.00	8401464320	12868	2876.8	2873.32	2899.48	2873.167	2793.8	2705.273
2017/12/12	2899.3999	2907.3999	2848.6001	2849.6001	9698.00	8380953088	11383	2865.52	2868.36	2898.82	2874.893	2796.3	2708.567
2017/12/13	2853.0000	2882.8000	2838.3999	2872.6001	9504.00	8151688192	9348	2866.56	2866.3	2900.05	2877.593	2799.357	2711.837
2017/12/14	2881.0000	2882.6001	2843.2000	2852.6001	7578.00	6502365696	5475	2868.64	2865.8	2898.7	2879.427	2802.36	2714.863
2017/12/15	2849.0000	2852.6001	2823.3999	2829.2000	4605.00	3920026880	0	2861.08	2864.68	2894.87	2880.567	2805.03	2717.475
2017/12/18	2832.8000	2857.0000	2826.6001	2838.0000	9752.00	8307568640	14290	2848.4	2862.6	2889.5	2882	2807.517	2720.08
2017/12/19	2844.0000	2884.0000	2839.2000	2882.3999	9168.00	7882078208	14247	2854.96	2860.24	2883.61	2883.86	2810.937	2722.97
2017/12/20	2885.3999	2896.3999	2871.6001	2884.3999	9307.00	8048316416	14621	2857.32	2861.94	2876.86	2885.907	2814.423	2726.047
2017/12/21	2876.0000	2922.3999	2869.2000	2907.0000	10925.00	9502836736	14985	2868.2	2868.42	2875.19	2888.273	2818.103	2729.172
2017/12/22	2907.0000	2912.8000	2887.2000	2890.6001	7895.00	6870832640	14418	2880.48	2870.78	2872.72	2889.087	2821.543	2732.227
2017/12/25	2892.2000	2928.0000	2879.6001	2887.8000	10045.00	8752906240	15463	2890.44	2869.42	2871.37	2889.46	2824.97	2735.383
2017/12/26	2891.8000	2914.3999	2882.6001	2909.0000	10013.00	8707746816	15312	2895.76	2875.36	2871.86	2891	2828.707	2738.937
2017/12/27	2904.8000	2909.3999	2839.0000	2842.6001	10822.00	9343360000	15582	2887.4	2872.36	2869.33	2890.82	2831.62	2741.525
2017/12/28	2852.0000	2881.3999	2841.6001	2866.6001	9975.00	8570543104	14746	2879.32	2873.76	2869.78	2890.387	2834.863	2744.318
2017/12/29	2872.8000	2887.0000	2858.8000	2869.2000	8129.00	6998337536	13885	2875.04	2877.76	2871.22	2889.167	2837.97	2747.2
2018/01/02	2873.2000	2920.0000	2873.2000	2918.3999	9954.00	8672288768	14162	2881.16	2885.8	2874.2	2888.267	2841.59	2750.385
2018/01/03	2920.8000	2951.2000	2914.3999	2923.0000	11252.00	9894832128	14714	2883.96	2889.86	2875.05	2885.693	2845.33	2753.352
2018/01/04	2928.0000	2941.0000	2918.0000	2929.2000	9763.00	8573405696	13876	2901.28	2894.34	2878.14	2882.687	2848.957	2756.475
2018/01/05	2929.2000	2947.0000	2924.2000	2942.8000	8995.00	7919333888	13552	2916.52	2897.92	2883.17	2882.767	2852.657	2759.352
2018/01/08	2946.0000	2959.3999	2935.0000	2950.2000	9043.00	7993538560	13602	2932.72	2903.88	2887.33	2883.107	2856.463	2762.052
2018/01/09	2950.2000	2979.8000	2949.2000	2979.8000	8449.00	7521323008	13323	2945	2913.08	2891.25	2885.273	2860.647	2764.96
2018/01/10	2979.0000	3003.3999	2968.2000	3000.3999	10191.00	9131185152	13633	2960.48	2922.22	2898.79	2888.647	2865.207	2768.137
2018/01/11	2995.6001	3011.2000	2987.2000	2999.0000	9443.00	8490945536	12565	2974.44	2937.86	2905.11	2892.173	2869.387	2770.935
2018/01/12	3002.6001	3026.6001	2998.8000	3026.6001	9367.00	8464175616	12803	2991.2	2953.86	2913.81	2897.807	2874.007	2773.907
2018/01/15	3035.2000	3071.6001	3025.2000	3049.2000	11325.00	10365470720	12444	3011	2971.86	2924.81	2904.767	2879.153	2777.248
2018/01/16	3045.6001	3074.2000	3040.2000	3073.8000	10790.00	9887702016	10567	3029.8	2987.4	2936.6	2911.933	2884.673	2780.672
2018/01/17	3077.0000	3133.3999	3065.0000	3079.0000	12257.00	11380036608	8635	3045.52	3003	2946.43	2917.7	2890.09	2784.307
2018/01/18	3100.0000	3127.6001	3089.6001	3114.6001	8170.00	7617333760	4428	3068.64	3021.54	2957.94	2925.94	2896.11	2788.328
2018/01/19	3119.0000	3142.3999	3117.6001	3123.6001	3902.00	3663409920	0	3088.04	3039.62	2968.77	2935.32	2901.81	2792.417
2018/01/22	3125.0000	3153.3999	3123.0000	3145.6001	11730.00	11038972928	12817	3107.32	3059.16	2981.52	2944.607	2907.213	2796.667
2018/01/23	3156.8000	3196.0000	3156.8000	3195.0000	12746.00	12133372928	13783	3131.56	3080.68	2996.88	2954.393	2913.78	2801.303
2018/01/24	3200.3999	3213.0000	3163.0000	3188.0000	14310.00	13708889088	14649	3153.36	3099.44	3010.83	2965.673	2920.283	2805.52
2018/01/25	3188.2000	3188.3999	3140.0000	3164.8000	13495.00	12816912384	14354	3163.4	3116.02	3026.94	2975.413	2926.503	2809.503
2018/01/26	3163.0000	3212.8000	3160.8000	3189.0000	12791.00	12218337280	14365	3176.48	3132.26	3043.06	2986.627	2933.027	2814.027
2018/01/29	3199.6001	3211.6001	3117.8000	3127.0000	14934.00	14219084800	14994	3172.76	3140.04	3055.95	2996.553	2938.56	2818.197
2018/01/30	3129.0000	3138.8000	3086.6001	3087.2000	12005.00	11208464384	14398	3151.2	3141.38	3064.39	3004.86	2943.43	2821.96
2018/01/31	3079.6001	3127.8000	3075.3999	3125.0000	13673.00	12747414528	14329	3138.6	3145.98	3074.49	3012.947	2948.403	2826.028
2018/02/01	3125.8000	3146.2000	3107.8000	3140.6001	13794.00	12948959232	14350	3133.76	3148.58	3085.06	3021.487	2953.697	2830.387
2018/02/02	3120.8000	3163.3999	3089.8000	3158.0000	14326.00	13452077056	14304	3127.56	3152.02	3095.82	3029.853	2959.063	2834.977
2018/02/05	3119.6001	3194.8000	3117.2000	3193.2000	13078.00	12376604672	14050	3140.8	3156.78	3107.97	3039.94	2964.513	2840.222
2018/02/06	3145.0000	3166.3999	3096.2000	3110.0000	17741.00	16647387136	15318	3145.36	3148.28	3114.48	3047.347	2968.403	2844.583
2018/02/07	3148.0000	3171.6001	3012.3999	3018.3999	19449.00	18063241216	13940	3124.04	3131.32	3115.38	3050.993	2970.997	2848.028
2018/02/08	3008.0000	3025.2000	2910.6001	2936.0000	16555.00	14778451968	13011	3083.12	3108.44	3112.23	3054.107	2972.463	2850.902
2018/02/09	2885.0000	2885.0000	2674.0000	2773.6001	18733.00	15689844736	11947	3006.24	3066.9	3099.58	3051.007	2970.697	2852.328
2018/02/12	2785.2000	2818.8000	2768.6001	2792.2000	12860.00	10781024256	8837	2926.04	3033.42	3086.73	3048.44	2968.803	2853.805
2018/02/13	2826.2000	2883.2000	2823.2000	2844.0000	9990.00	8552043520	6245	2872.84	3009.1	3075.24	3045.96	2967.113	2855.693
2018/02/14	2858.8000	2878.3999	2842.6001	2868.6001	5572.00	4776462336	3076	2842.88	2983.46	3064.72	3044.147	2964.92	2857.555
2018/02/22	2909.0000	2932.0000	2895.6001	2928.2000	2727.00	2384510976	0	2841.32	2962.22	3055.4	3044.113	2963.4	2859.755
2018/02/23	2929.3999	2958.8000	2920.6001	2953.8000	12641.00	11152489472	16850	2877.36	2941.8	3046.91	3044.48	2963.623	2862.262
2018/02/26	2974.2000	2987.8000	2930.8000	2972.0000	14405.00	12806328320	17352	2913.32	2919.68	3038.23	3045.207	2964.157	2864.405
2018/02/27	2982.3999	2984.2000	2914.0000	2917.6001	14510.00	12815614976	17405	2928.04	2900.44	3024.36	3043.133	2964.203	2865.845
2018/02/28	2900.6001	2906.6001	2860.3999	2868.8000	14894.00	12888929280	17485	2928.08	2885.48	3008.4	3038.747	2963.697	2866.857
2018/03/01	2855.2000	2909.6001	2849.0000	2886.2000	14777.00	12788848640	17437	2919.68	2880.5	2994.47	3034.987	2963.58	2868.145
2018/03/02	2861.2000	2889.3999	2850.6001	2861.2000	13225.00	11380887552	17352	2901.16	2889.26	2978.08	3029.473	2963.64	2869.282
2018/03/05	2871.3999	2899.0000	2838.8000	2856.2000	13492.00	11593405440	17308	2878	2895.66	2964.54	3023.04	2963.903	2870.44
2018/03/06	2882.0000	2897.3999	2833.8000	2895.8000	15625.00	13445967872	18057	2873.64	2900.84	2954.97	3017.107	2964.52	2871.925
2018/03/07	2891.0000	2926.0000	2858.8000	2873.0000	15494.00	13461980160	17025	2874.48	2901.28	2942.37	3010.24	2963.97	2873.097
2018/03/08	2885.0000	2905.0000	2866.0000	2899.8000	13482.00	11679663104	16581	2877.2	2898.44	2930.33	3003.08	2964.51	2874.63
2018/03/09	2910.0000	2920.8000	2888.3999	2908.3999	12400.00	10798029824	15890	2886.64	2893.9	2917.85	2995.907	2965.613	2876.413
2018/03/12	2930.2000	2934.0000	2901.0000	2910.0000	11936.00	10438403072	14257	2897.4	2887.7	2903.69	2988.053	2966.33	2878.257
2018/03/13	2914.8000	2923.8000	2870.3999	2874.8000	12502.00	10874523648	12625	2893.2	2883.42	2891.93	2977.38	2965.887	2879.843
2018/03/14	2870.0000	2881.2000	2857.2000	2868.2000	10898.00	9373495296	9194	2892.24	2883.36	2884.42	2966.72	2966.197	2881.248
2018/03/15	2856.6001	2899.6001	2856.3999	2899.2000	8618.00	7462433280	5411	2892.12	2884.66	2882.58	2957.867	2966.64	2882.998
2018/03/16	2896.3999	2910.8000	2888.8000	2889.0000	4192.00	3644256256	0	2888.24	2887.44	2888.35	2947.867	2967.247	2884.803
2018/03/19	2869.8000	2897.6001	2855.2000	2897.3999	11822.00	10208974848	14372	2885.72	2891.56	2893.61	2940.213	2968.383	2886.707
2018/03/20	2882.2000	2908.8000	2874.8000	2900.0000	12068.00	10467987456	14905	2890.76	2891.98	2896.41	2933.973	2969.417	2888.467
2018/03/21	2931.8000	2932.3999	2874.2000	2884.0000	13553.00	11829803008	15235	2893.92	2893.08	2897.18	2925.94	2969.443	2890.19
2018/03/22	2894.6001	2903.8000	2845.2000	2859.0000	14244.00	12267708416	15770	2885.88	2889	2893.72	2916.553	2969.02	2891.722
2018/03/23	2785.8000	2792.0000	2723.3999	2734.3999	17151.00	14211179520	17249	2854.96	2871.6	2882.75	2902.433	2966.143	2892.123
2018/03/26	2750.0000	2759.0000	2696.2000	2729.6001	15686.00	12847905792	16852	2821.4	2853.56	2870.63	2886.98	2963.46	2892.502
2018/03/27	2765.0000	2769.8000	2716.0000	2738.2000	14276.00	11752295424	17014	2789.04	2839.9	2861.66	2874.587	2960.967	2892.968
2018/03/28	2710.2000	2743.0000	2668.3999	2669.3999	16160.00	13102981120	18494	2746.12	2820.02	2851.69	2862.953	2956.973	2892.84
2018/03/29	2685.0000	2748.0000	2645.0000	2733.6001	18690.00	15084273664	19080	2721.04	2803.46	2844.06	2856.207	2955.157	2893.388
2018/03/30	2733.0000	2738.3999	2707.0000	2712.3999	13521.00	11038652416	17890	2716.64	2785.8	2836.62	2854.167	2952.587	2893.725
2018/04/02	2716.6001	2753.8000	2692.3999	2696.0000	14365.00	11728965632	18622	2709.92	2765.66	2828.61	2850.96	2949.7	2893.835
2018/04/03	2680.3999	2711.2000	2674.2000	2702.0000	14644.00	11819169792	18038	2702.68	2745.86	2818.92	2846.227	2946.093	2893.842
2018/04/04	2709.6001	2731.6001	2692.2000	2698.0000	13029.00	10604962816	17487	2708.4	2727.26	2810.17	2840.54	2942.343	2893.837
2018/04/09	2708.3999	2725.3999	2687.8000	2717.8000	12391.00	10069551104	17385	2705.24	2713.14	2801.07	2833.527	2938.82	2893.888
2018/04/10	2718.0000	2784.2000	2710.2000	2781.8000	15554.00	12796393472	17357	2719.12	2717.88	2794.74	2827.793	2936.137	2894.397
2018/04/11	2785.2000	2801.8000	2767.2000	2780.0000	13741.00	11474395136	15696	2735.92	2722.92	2788.24	2821.393	2933.3	2894.882
2018/04/12	2786.0000	2786.0000	2745.0000	2747.2000	12505.00	10372016128	15437	2744.96	2723.82	2781.86	2815.713	2929.423	2895.035
2018/04/13	2762.8000	2769.2000	2715.2000	2720.8000	12714.00	10465226752	14579	2749.52	2728.96	2774.49	2810.78	2924.763	2894.985
2018/04/16	2719.2000	2723.6001	2653.6001	2653.6001	13142.00	10573234176	13884	2736.68	2720.96	2762.21	2803.027	2919.007	2894.197
2018/04/17	2663.2000	2687.6001	2625.0000	2633.2000	14510.00	11587713024	12086	2706.96	2713.04	2749.42	2795.427	2912.45	2893.228
2018/04/18	2666.0000	2666.0000	2626.8000	2649.2000	14428.00	11465775104	9776	2680.8	2708.36	2737.01	2788.527	2905.783	2892.468
2018/04/19	2662.6001	2697.2000	2654.0000	2684.3999	9609.00	7729927680	4599	2668.24	2706.6	2726.23	2781.48	2899.293	2891.983
2018/04/20	2676.0000	2681.3999	2636.3999	2641.8000	4571.00	3651369984	0	2652.44	2700.98	2714.12	2773.773	2892.007	2891.048
2018/04/23	2637.6001	2675.0000	2632.6001	2665.0000	15605.00	12436294656	15611	2654.72	2695.7	2704.42	2765.947	2884.513	2890.312
2018/04/24	2676.8000	2743.0000	2674.0000	2729.0000	15858.00	12937843712	16004	2673.88	2690.42	2704.15	2759.967	2877.937	2889.873
2018/04/25	2717.0000	2725.2000	2700.6001	2707.2000	12117.00	9856102400	15093	2685.48	2683.14	2703.03	2753.207	2870.63	2888.922
2018/04/26	2720.0000	2727.0000	2653.2000	2666.6001	13850.00	11148652544	15916	2681.92	2675.08	2699.45	2746.267	2861.823	2887.802
2018/04/27	2679.2000	2680.0000	2614.6001	2654.0000	16104.00	12802646016	16014	2684.36	2668.4	2698.68	2739.127	2852.923	2886.603
2018/05/02	2671.0000	2677.0000	2640.0000	2659.6001	11626.00	9262990336	14837	2683.28	2669	2694.98	2731.14	2844.503	2885.503
2018/05/03	2649.3999	2680.0000	2629.2000	2665.0000	13364.00	10642053120	15259	2670.48	2672.18	2692.61	2723.673	2835.77	2884.398
2018/05/04	2666.8000	2674.3999	2642.2000	2643.0000	10910.00	8693835776	14126	2657.64	2671.56	2689.96	2715.193	2827.703	2883.132
2018/05/07	2653.6001	2686.8000	2635.2000	2682.0000	12572.00	10051890176	14496	2660.72	2671.32	2688.96	2707.927	2820.95	2882.19
2018/05/08	2687.0000	2737.2000	2683.2000	2724.2000	13464.00	10973118464	14060	2674.76	2679.56	2690.27	2702.6	2814.27	2881.337
2018/05/09	2726.2000	2728.6001	2706.6001	2718.6001	10421.00	8493391360	13051	2686.56	2684.92	2690.31	2697.92	2807.237	2880.467
2018/05/10	2731.2000	2747.2000	2713.3999	2734.2000	11000.00	8999549952	13267	2700.4	2685.44	2687.93	2697.913	2800.173	2879.618
2018/05/11	2743.2000	2746.0000	2723.6001	2728.6001	10371.00	8507002880	12579	2717.52	2687.58	2685.36	2697.88	2792.43	2878.472
2018/05/14	2744.3999	2765.0000	2737.2000	2756.0000	10859.00	8970762240	12187	2732.32	2696.52	2685.8	2698.473	2786.53	2877.467
2018/05/15	2761.8000	2762.8000	2730.3999	2750.0000	10380.00	8539728896	10501	2737.48	2706.12	2687.26	2701.16	2782.057	2876.527
2018/05/16	2739.6001	2746.2000	2708.3999	2713.8000	9370.00	7673055232	8630	2736.52	2711.54	2690.27	2700.5	2778.353	2875.408
2018/05/17	2723.3999	2723.6001	2697.3999	2697.3999	7128.00	5799049728	4481	2729.16	2714.78	2693.48	2700	2777.083	2873.89
2018/05/18	2700.0000	2721.8000	2692.6001	2720.0000	3716.00	3018281472	0	2727.44	2722.48	2697.02	2700.8	2775.88	2872.342
2018/05/21	2752.0000	2762.6001	2726.8000	2734.2000	13084.00	10768257024	18722	2723.08	2727.7	2699.51	2701.873	2774.05	2870.582
2018/05/22	2734.8000	2737.0000	2697.3999	2714.6001	11614.00	9458399232	19011	2716	2726.74	2703.15	2702.427	2771.483	2868.202
2018/05/23	2704.3999	2707.3999	2663.2000	2664.6001	12595.00	10146216960	19103	2706.16	2721.34	2703.13	2700.653	2767.09	2865.245
2018/05/24	2667.0000	2681.0000	2647.0000	2649.0000	11282.00	9019953152	18897	2696.48	2712.82	2699.13	2696.227	2762.01	2862.817
2018/05/25	2652.3999	2671.6001	2636.3999	2646.8000	11809.00	9407637504	19561	2681.84	2704.64	2696.11	2691.787	2756.59	2860.373
2018/05/28	2651.3999	2679.6001	2645.3999	2664.0000	13092.00	10455966720	19489	2667.8	2695.44	2695.98	2689.013	2752.363	2858.283
2018/05/29	2655.8000	2666.0000	2628.2000	2645.3999	13945.00	11076820992	19876	2653.96	2684.98	2695.55	2686.5	2748.64	2856.168
2018/05/30	2618.0000	2626.8000	2586.3999	2588.3999	14743.00	11543269376	19482	2638.72	2672.44	2691.99	2684.327	2743.677	2853.628
2018/05/31	2605.0000	2647.6001	2603.8000	2642.0000	14864.00	11706789888	18557	2637.32	2666.9	2690.84	2684.62	2740.023	2851.832
2018/06/01	2637.2000	2646.0000	2618.6001	2631.6001	13207.00	10424963072	17731	2634.28	2658.06	2690.27	2684.033	2736.28	2850.092
2018/06/04	2645.8000	2681.3999	2643.0000	2676.2000	12903.00	10323673088	17609	2636.72	2652.26	2689.98	2683.76	2732.62	2848.57
2018/06/05	2675.0000	2694.6001	2664.0000	2685.3999	12173.00	9780997120	16374	2644.72	2649.34	2688.04	2685.213	2729.493	2846.732
2018/06/06	2685.3999	2685.8000	2672.0000	2677.6001	9587.00	7703672832	15632	2662.56	2650.64	2685.99	2685.633	2725.79	2845.15
2018/06/07	2685.0000	2710.8000	2681.0000	2685.0000	11858.00	9585442816	15635	2671.16	2654.24	2683.53	2684.167	2722.067	2843.84
2018/06/08	2675.2000	2675.2000	2627.0000	2636.6001	11299.00	8985382912	15104	2672.16	2653.22	2678.93	2681.813	2717.51	2841.92
2018/06/11	2633.0000	2659.6001	2625.8000	2654.0000	11895.00	9429181440	14039	2667.72	2652.22	2673.83	2681.393	2713.83	2839.858
2018/06/12	2654.6001	2688.6001	2644.0000	2678.0000	12285.00	9831782400	12629	2666.24	2655.48	2670.23	2682.193	2710.66	2838.428
2018/06/13	2672.0000	2677.3999	2655.0000	2659.6001	10025.00	8022291968	9664	2662.64	2662.6	2667.52	2682.193	2706.667	2836.653
2018/06/14	2652.3999	2688.2000	2650.6001	2664.0000	8430.00	6745224192	6332	2658.44	2664.8	2665.85	2682.16	2702.917	2835.082
2018/06/15	2656.8000	2677.6001	2655.2000	2666.6001	5321.00	4258725376	0	2664.44	2668.3	2663.18	2682.947	2699.07	2833.727
2018/06/19	2613.3999	2628.0000	2538.6001	2561.8000	16797.00	13099479040	16274	2646	2656.86	2654.56	2678.94	2693.433	2831.425
2018/06/20	2560.0000	2584.0000	2545.3999	2573.0000	13375.00	10300948480	15375	2625	2645.62	2647.48	2673.9	2688.25	2828.847
2018/06/21	2574.2000	2604.8000	2548.0000	2553.0000	13916.00	10773110784	15368	2603.68	2633.16	2641.9	2668.38	2683.15	2826.085
2018/06/22	2548.8000	2567.8000	2536.0000	2559.0000	12801.00	9789669376	14904	2582.68	2620.56	2637.4	2662.54	2680.227	2823.185
2018/06/25	2563.8000	2572.8000	2502.0000	2503.6001	13012.00	9926803456	15383	2550.08	2607.26	2630.24	2655.04	2676.46	2819.96
2018/06/26	2494.0000	2499.0000	2440.0000	2481.2000	15245.00	11329351680	16123	2533.96	2589.98	2621.1	2645.88	2672.177	2816.572
2018/06/27	2478.3999	2492.8000	2407.0000	2415.0000	15805.00	11609668608	16509	2502.36	2563.68	2609.58	2634.713	2667.937	2812.455
2018/06/28	2402.6001	2445.0000	2393.3999	2405.6001	15679.00	11364595712	16186	2472.88	2538.28	2600.44	2624.44	2662.47	2808.813
2018/06/29	2415.6001	2464.0000	2412.3999	2457.2000	14628.00	10698705920	15876	2452.52	2517.6	2591.2	2616.433	2658.217	2805.402
